0,900
0.001,900
0.002,900
0.003,900
0.004,900
0.005,900
0.006,900
0.007,900
0.008,900
0.009,900
0.01,900
0.011,900
0.012,900
0.013,900
0.014,900
0.015,900
0.016,900
0.017,900
0.018,900
0.019,900
0.02,900
0.021,900
0.022,900
0.023,900
0.024,900
0.025,900
0.026,900
0.027,900
0.028,900
0.029,900
0.03,900
0.031,900
0.032,900
0.033,900
0.034,900
0.035,900
0.036,900
0.037,900
0.038,900
0.039,900
0.04,900
0.041,900
0.042,900
0.043,900
0.044,900
0.045,900
0.046,900
0.047,900
0.048,900
0.049,900
0.05,900
0.051,900
0.052,900
0.053,900
0.054,900
0.055,900
0.056,900
0.057,900
0.058,900
0.059,900
0.06,900
0.061,900
0.062,900
0.063,900
0.064,900
0.065,900
0.066,900
0.067,900
0.068,900
0.069,900
0.07,900
0.071,900
0.072,900
0.073,900
0.074,900
0.075,900
0.076,900
0.077,900
0.078,900
0.079,900
0.08,900
0.081,900
0.082,900
0.083,900
0.084,900
0.085,900
0.086,900
0.087,900
0.088,900
0.089,900
0.09,900
0.091,900
0.092,900
0.093,900
0.094,900
0.095,900
0.096,900
0.097,900
0.098,900
0.099,900
0.1,900
0.101,900
0.102,900
0.103,900
0.104,900
0.105,900
0.106,900
0.107,900
0.108,900
0.109,900
0.11,900
0.111,900
0.112,900
0.113,900
0.114,900
0.115,900
0.116,900
0.117,900
0.118,900
0.119,900
0.12,900
0.121,900
0.122,900
0.123,900
0.124,900
0.125,900
0.126,900
0.127,900
0.128,900
0.129,900
0.13,900
0.131,900
0.132,900
0.133,900
0.134,900
0.135,900
0.136,900
0.137,900
0.138,900
0.139,900
0.14,900
0.141,900
0.142,900
0.143,900
0.144,900
0.145,900
0.146,900
0.147,900
0.148,900
0.149,900
0.15,900
0.151,900
0.152,900
0.153,900
0.154,900
0.155,900
0.156,900
0.157,900
0.158,900
0.159,900
0.16,900
0.161,900
0.162,900
0.163,900
0.164,900
0.165,900
0.166,900
0.167,900
0.168,900
0.169,900
0.17,900
0.171,900
0.172,900
0.173,900
0.174,900
0.175,900
0.176,900
0.177,900
0.178,900
0.179,900
0.18,900
0.181,900
0.182,900
0.183,900
0.184,900
0.185,900
0.186,900
0.187,900
0.188,900
0.189,900
0.19,900
0.191,900
0.192,900
0.193,900
0.194,900
0.195,900
0.196,900
0.197,900
0.198,900
0.199,900
0.2,900
0.201,900
0.202,900
0.203,900
0.204,900
0.205,900
0.206,900
0.207,900
0.208,900
0.209,900
0.21,900
0.211,900
0.212,900
0.213,900
0.214,900
0.215,900
0.216,900
0.217,900
0.218,900
0.219,900
0.22,900
0.221,900
0.222,900
0.223,900
0.224,900
0.225,900
0.226,900
0.227,900
0.228,900
0.229,900
0.23,900
0.231,900
0.232,900
0.233,900
0.234,900
0.235,900
0.236,900
0.237,900
0.238,900
0.239,900
0.24,900
0.241,900
0.242,900
0.243,900
0.244,900
0.245,900
0.246,900
0.247,900
0.248,900
0.249,900
0.25,900
0.251,900
0.252,900
0.253,900
0.254,900
0.255,900
0.256,900
0.257,900
0.258,900
0.259,900
0.26,900
0.261,900
0.262,900
0.263,900
0.264,900
0.265,900
0.266,900
0.267,900
0.268,900
0.269,900
0.27,900
0.271,900
0.272,900
0.273,900
0.274,900
0.275,900
0.276,900
0.277,900
0.278,900
0.279,900
0.28,900
0.281,900
0.282,900
0.283,900
0.284,900
0.285,900
0.286,900
0.287,900
0.288,900
0.289,900
0.29,900
0.291,900
0.292,900
0.293,900
0.294,900
0.295,900
0.296,900
0.297,900
0.298,900
0.299,900
0.3,900
0.301,900
0.302,900
0.303,900
0.304,900
0.305,900
0.306,900
0.307,900
0.308,900
0.309,900
0.31,900
0.311,900
0.312,900
0.313,900
0.314,900
0.315,900
0.316,900
0.317,900
0.318,900
0.319,900
0.32,900
0.321,900
0.322,900
0.323,900
0.324,900
0.325,900
0.326,900
0.327,900
0.328,900
0.329,900
0.33,900
0.331,900
0.332,900
0.333,900
0.334,900
0.335,900
0.336,900
0.337,900
0.338,900
0.339,900
0.34,900
0.341,900
0.342,900
0.343,900
0.344,900
0.345,900
0.346,900
0.347,900
0.348,900
0.349,900
0.35,900
0.351,900
0.352,900
0.353,900
0.354,900
0.355,900
0.356,900
0.357,900
0.358,900
0.359,900
0.36,900
0.361,900
0.362,900
0.363,900
0.364,900
0.365,900
0.366,900
0.367,900
0.368,900
0.369,900
0.37,900
0.371,900
0.372,900
0.373,900
0.374,900
0.375,900
0.376,900
0.377,900
0.378,900
0.379,900
0.38,900
0.381,900
0.382,900
0.383,900
0.384,900
0.385,900
0.386,900
0.387,900
0.388,900
0.389,900
0.39,900
0.391,900
0.392,900
0.393,900
0.394,900
0.395,900
0.396,900
0.397,900
0.398,900
0.399,900
0.4,900
0.401,900
0.402,900
0.403,900
0.404,900
0.405,900
0.406,900
0.407,900
0.408,900
0.409,900
0.41,900
0.411,900
0.412,900
0.413,900
0.414,900
0.415,900
0.416,900
0.417,900
0.418,900
0.419,900
0.42,900
0.421,900
0.422,900
0.423,900
0.424,900
0.425,900
0.426,900
0.427,900
0.428,900
0.429,900
0.43,900
0.431,900
0.432,900
0.433,900
0.434,900
0.435,900
0.436,900
0.437,900
0.438,900
0.439,900
0.44,900
0.441,900
0.442,900
0.443,900
0.444,900
0.445,900
0.446,900
0.447,900
0.448,900
0.449,900
0.45,900
0.451,900
0.452,900
0.453,900
0.454,900
0.455,900
0.456,900
0.457,900
0.458,900
0.459,900
0.46,900
0.461,900
0.462,900
0.463,900
0.464,900
0.465,900
0.466,900
0.467,900
0.468,900
0.469,900
0.47,900
0.471,900
0.472,900
0.473,900
0.474,900
0.475,900
0.476,900
0.477,900
0.478,900
0.479,900
0.48,900
0.481,900
0.482,900
0.483,900
0.484,900
0.485,900
0.486,900
0.487,900
0.488,900
0.489,900
0.49,900
0.491,900
0.492,900
0.493,900
0.494,900
0.495,900
0.496,900
0.497,900
0.498,900
0.499,900
0.5,900
0.501,900
0.502,900
0.503,900
0.504,900
0.505,900
0.506,900
0.507,900
0.508,900
0.509,900
0.51,900
0.511,900
0.512,900
0.513,900
0.514,900
0.515,900
0.516,900
0.517,900
0.518,900
0.519,900
0.52,900
0.521,900
0.522,900
0.523,900
0.524,900
0.525,900
0.526,900
0.527,900
0.528,900
0.529,900
0.53,900
0.531,900
0.532,900
0.533,900
0.534,900
0.535,900
0.536,900
0.537,900
0.538,900
0.539,900
0.54,900
0.541,900
0.542,900
0.543,900
0.544,900
0.545,900
0.546,900
0.547,900
0.548,900
0.549,900
0.55,900
0.551,900
0.552,900
0.553,900
0.554,900
0.555,900
0.556,900
0.557,900
0.558,900
0.559,900
0.56,900
0.561,900
0.562,900
0.563,900
0.564,900
0.565,900
0.566,900
0.567,900
0.568,900
0.569,900
0.57,900
0.571,900
0.572,900
0.573,900
0.574,900
0.575,900
0.576,900
0.577,900
0.578,900
0.579,900
0.58,900
0.581,900
0.582,900
0.583,900
0.584,900
0.585,900
0.586,900
0.587,900
0.588,900
0.589,900
0.59,900
0.591,900
0.592,900
0.593,900
0.594,900
0.595,900
0.596,900
0.597,900
0.598,900
0.599,900
0.6,900
0.601,900
0.602,900
0.603,900
0.604,900
0.605,900
0.606,900
0.607,900
0.608,900
0.609,900
0.61,900
0.611,900
0.612,900
0.613,900
0.614,900
0.615,900
0.616,900
0.617,900
0.618,900
0.619,900
0.62,900
0.621,900
0.622,900
0.623,900
0.624,900
0.625,900
0.626,900
0.627,900
0.628,900
0.629,900
0.63,900
0.631,900
0.632,900
0.633,900
0.634,900
0.635,900
0.636,900
0.637,900
0.638,900
0.639,900
0.64,900
0.641,900
0.642,900
0.643,900
0.644,900
0.645,900
0.646,900
0.647,900
0.648,900
0.649,900
0.65,900
0.651,900
0.652,900
0.653,900
0.654,900
0.655,900
0.656,900
0.657,900
0.658,900
0.659,900
0.66,900
0.661,900
0.662,900
0.663,900
0.664,900
0.665,900
0.666,900
0.667,900
0.668,900
0.669,900
0.67,900
0.671,900
0.672,900
0.673,900
0.674,900
0.675,900
0.676,900
0.677,900
0.678,900
0.679,900
0.68,900
0.681,900
0.682,900
0.683,900
0.684,900
0.685,900
0.686,900
0.687,900
0.688,900
0.689,900
0.69,900
0.691,900
0.692,900
0.693,900
0.694,900
0.695,900
0.696,900
0.697,900
0.698,900
0.699,900
0.7,900
0.701,900
0.702,900
0.703,900
0.704,900
0.705,900
0.706,900
0.707,900
0.708,900
0.709,900
0.71,900
0.711,900
0.712,900
0.713,900
0.714,900
0.715,900
0.716,900
0.717,900
0.718,900
0.719,900
0.72,900
0.721,900
0.722,900
0.723,900
0.724,900
0.725,900
0.726,900
0.727,900
0.728,900
0.729,900
0.73,900
0.731,900
0.732,900
0.733,900
0.734,900
0.735,900
0.736,900
0.737,900
0.738,900
0.739,900
0.74,900
0.741,900
0.742,900
0.743,900
0.744,900
0.745,900
0.746,900
0.747,900
0.748,900
0.749,900
0.75,900
0.751,900
0.752,900
0.753,900
0.754,900
0.755,900
0.756,900
0.757,900
0.758,900
0.759,900
0.76,900
0.761,900
0.762,900
0.763,900
0.764,900
0.765,900
0.766,900
0.767,900
0.768,900
0.769,900
0.77,900
0.771,900
0.772,900
0.773,900
0.774,900
0.775,900
0.776,900
0.777,900
0.778,900
0.779,900
0.78,900
0.781,900
0.782,900
0.783,900
0.784,900
0.785,900
0.786,900
0.787,900
0.788,900
0.789,900
0.79,900
0.791,900
0.792,900
0.793,900
0.794,900
0.795,900
0.796,900
0.797,900
0.798,900
0.799,900
0.8,900
0.801,900
0.802,900
0.803,900
0.804,900
0.805,900
0.806,900
0.807,900
0.808,900
0.809,900
0.81,900
0.811,900
0.812,900
0.813,900
0.814,900
0.815,900
0.816,900
0.817,900
0.818,900
0.819,900
0.82,900
0.821,900
0.822,900
0.823,900
0.824,900
0.825,900
0.826,900
0.827,900
0.828,900
0.829,900
0.83,900
0.831,900
0.832,900
0.833,900
0.834,900
0.835,900
0.836,900
0.837,900
0.838,900
0.839,900
0.84,900
0.841,900
0.842,900
0.843,900
0.844,900
0.845,900
0.846,900
0.847,900
0.848,900
0.849,900
0.85,900
0.851,900
0.852,900
0.853,900
0.854,900
0.855,900
0.856,900
0.857,900
0.858,900
0.859,900
0.86,900
0.861,900
0.862,900
0.863,900
0.864,900
0.865,900
0.866,900
0.867,900
0.868,900
0.869,900
0.87,900
0.871,900
0.872,900
0.873,900
0.874,900
0.875,900
0.876,900
0.877,900
0.878,900
0.879,900
0.88,900
0.881,900
0.882,900
0.883,900
0.884,900
0.885,900
0.886,900
0.887,900
0.888,900
0.889,900
0.89,900
0.891,900
0.892,900
0.893,900
0.894,900
0.895,900
0.896,900
0.897,900
0.898,900
0.899,900
0.9,900
0.901,900
0.902,900
0.903,900
0.904,900
0.905,900
0.906,900
0.907,900
0.908,900
0.909,900
0.91,900
0.911,900
0.912,900
0.913,900
0.914,900
0.915,900
0.916,900
0.917,900
0.918,900
0.919,900
0.92,900
0.921,900
0.922,900
0.923,900
0.924,900
0.925,900
0.926,900
0.927,900
0.928,900
0.929,900
0.93,900
0.931,900
0.932,900
0.933,900
0.934,900
0.935,900
0.936,900
0.937,900
0.938,900
0.939,900
0.94,900
0.941,900
0.942,900
0.943,900
0.944,900
0.945,900
0.946,900
0.947,900
0.948,900
0.949,900
0.95,900
0.951,900
0.952,900
0.953,900
0.954,900
0.955,900
0.956,900
0.957,900
0.958,900
0.959,900
0.96,900
0.961,900
0.962,900
0.963,900
0.964,900
0.965,900
0.966,900
0.967,900
0.968,900
0.969,900
0.97,900
0.971,900
0.972,900
0.973,900
0.974,900
0.975,900
0.976,900
0.977,900
0.978,900
0.979,900
0.98,900
0.981,900
0.982,900
0.983,900
0.984,900
0.985,900
0.986,900
0.987,900
0.988,900
0.989,900
0.99,900
0.991,900
0.992,900
0.993,900
0.994,900
0.995,900
0.996,900
0.997,900
0.998,900
0.999,900
1,900
1.001,900
1.002,900
1.003,900
1.004,900
1.005,900
1.006,900
1.007,900
1.008,900
1.009,900
1.01,900
1.011,900
1.012,900
1.013,900
1.014,900
1.015,900
1.016,900
1.017,900
1.018,900
1.019,900
1.02,900
1.021,900
1.022,900
1.023,900
1.024,900
1.025,900
1.026,900
1.027,900
1.028,900
1.029,900
1.03,900
1.031,900
1.032,900
1.033,900
1.034,900
1.035,900
1.036,900
1.037,900
1.038,900
1.039,900
1.04,900
1.041,900
1.042,900
1.043,900
1.044,900
1.045,900
1.046,900
1.047,900
1.048,900
1.049,900
1.05,900
1.051,900
1.052,900
1.053,900
1.054,900
1.055,900
1.056,900
1.057,900
1.058,900
1.059,900
1.06,900
1.061,900
1.062,900
1.063,900
1.064,900
1.065,900
1.066,900
1.067,900
1.068,900
1.069,900
1.07,900
1.071,900
1.072,900
1.073,900
1.074,900
1.075,900
1.076,900
1.077,900
1.078,900
1.079,900
1.08,900
1.081,900
1.082,900
1.083,900
1.084,900
1.085,900
1.086,900
1.087,900
1.088,900
1.089,900
1.09,900
1.091,900
1.092,900
1.093,900
1.094,900
1.095,900
1.096,900
1.097,900
1.098,900
1.099,900
1.1,900
1.101,900
1.102,900
1.103,900
1.104,900
1.105,900
1.106,900
1.107,900
1.108,900
1.109,900
1.11,900
1.111,900
1.112,900
1.113,900
1.114,900
1.115,900
1.116,900
1.117,900
1.118,900
1.119,900
1.12,900
1.121,900
1.122,900
1.123,900
1.124,900
1.125,900
1.126,900
1.127,900
1.128,900
1.129,900
1.13,900
1.131,900
1.132,900
1.133,900
1.134,900
1.135,900
1.136,900
1.137,900
1.138,900
1.139,900
1.14,900
1.141,900
1.142,900
1.143,900
1.144,900
1.145,900
1.146,900
1.147,900
1.148,900
1.149,900
1.15,900
1.151,900
1.152,900
1.153,900
1.154,900
1.155,900
1.156,900
1.157,900
1.158,900
1.159,900
1.16,900
1.161,900
1.162,900
1.163,900
1.164,900
1.165,900
1.166,900
1.167,900
1.168,900
1.169,900
1.17,900
1.171,900
1.172,900
1.173,900
1.174,900
1.175,900
1.176,900
1.177,900
1.178,900
1.179,900
1.18,900
1.181,900
1.182,900
1.183,900
1.184,900
1.185,900
1.186,900
1.187,900
1.188,900
1.189,900
1.19,900
1.191,900
1.192,900
1.193,900
1.194,900
1.195,900
1.196,900
1.197,900
1.198,900
1.199,900
1.2,900
1.201,900
1.202,900
1.203,900
1.204,900
1.205,900
1.206,900
1.207,900
1.208,900
1.209,900
1.21,900
1.211,900
1.212,900
1.213,900
1.214,900
1.215,900
1.216,900
1.217,900
1.218,900
1.219,900
1.22,900
1.221,900
1.222,900
1.223,900
1.224,900
1.225,900
1.226,900
1.227,900
1.228,900
1.229,900
1.23,900
1.231,900
1.232,900
1.233,900
1.234,900
1.235,900
1.236,900
1.237,900
1.238,900
1.239,900
1.24,900
1.241,900
1.242,900
1.243,900
1.244,900
1.245,900
1.246,900
1.247,900
1.248,900
1.249,900
1.25,900
1.251,900
1.252,900
1.253,900
1.254,900
1.255,900
1.256,900
1.257,900
1.258,900
1.259,900
1.26,900
1.261,900
1.262,900
1.263,900
1.264,900
1.265,900
1.266,900
1.267,900
1.268,900
1.269,900
1.27,900
1.271,900
1.272,900
1.273,900
1.274,900
1.275,900
1.276,900
1.277,900
1.278,900
1.279,900
1.28,900
1.281,900
1.282,900
1.283,900
1.284,900
1.285,900
1.286,900
1.287,900
1.288,900
1.289,900
1.29,900
1.291,900
1.292,900
1.293,900
1.294,900
1.295,900
1.296,900
1.297,900
1.298,900
1.299,900
1.3,900
1.301,900
1.302,900
1.303,900
1.304,900
1.305,900
1.306,900
1.307,900
1.308,900
1.309,900
1.31,900
1.311,900
1.312,900
1.313,900
1.314,900
1.315,900
1.316,900
1.317,900
1.318,900
1.319,900
1.32,900
1.321,900
1.322,900
1.323,900
1.324,900
1.325,900
1.326,900
1.327,900
1.328,900
1.329,900
1.33,900
1.331,900
1.332,900
1.333,900
1.334,900
1.335,900
1.336,900
1.337,900
1.338,900
1.339,900
1.34,900
1.341,900
1.342,900
1.343,900
1.344,900
1.345,900
1.346,900
1.347,900
1.348,900
1.349,900
1.35,900
1.351,900
1.352,900
1.353,900
1.354,900
1.355,900
1.356,900
1.357,900
1.358,900
1.359,900
1.36,900
1.361,900
1.362,900
1.363,900
1.364,900
1.365,900
1.366,900
1.367,900
1.368,900
1.369,900
1.37,900
1.371,900
1.372,900
1.373,900
1.374,900
1.375,900
1.376,900
1.377,900
1.378,900
1.379,900
1.38,900
1.381,900
1.382,900
1.383,900
1.384,900
1.385,900
1.386,900
1.387,900
1.388,900
1.389,900
1.39,900
1.391,900
1.392,900
1.393,900
1.394,900
1.395,900
1.396,900
1.397,900
1.398,900
1.399,900
1.4,900
1.401,900
1.402,900
1.403,900
1.404,900
1.405,900
1.406,900
1.407,900
1.408,900
1.409,900
1.41,900
1.411,900
1.412,900
1.413,900
1.414,900
1.415,900
1.416,900
1.417,900
1.418,900
1.419,900
1.42,900
1.421,900
1.422,900
1.423,900
1.424,900
1.425,900
1.426,900
1.427,900
1.428,900
1.429,900
1.43,900
1.431,900
1.432,900
1.433,900
1.434,900
1.435,900
1.436,900
1.437,900
1.438,900
1.439,900
1.44,900
1.441,900
1.442,900
1.443,900
1.444,900
1.445,900
1.446,900
1.447,900
1.448,900
1.449,900
1.45,900
1.451,900
1.452,900
1.453,900
1.454,900
1.455,900
1.456,900
1.457,900
1.458,900
1.459,900
1.46,900
1.461,900
1.462,900
1.463,900
1.464,900
1.465,900
1.466,900
1.467,900
1.468,900
1.469,900
1.47,900
1.471,900
1.472,900
1.473,900
1.474,900
1.475,900
1.476,900
1.477,900
1.478,900
1.479,900
1.48,900
1.481,900
1.482,900
1.483,900
1.484,900
1.485,900
1.486,900
1.487,900
1.488,900
1.489,900
1.49,900
1.491,900
1.492,900
1.493,900
1.494,900
1.495,900
1.496,900
1.497,900
1.498,900
1.499,900
1.5,900
1.501,900
1.502,900
1.503,900
1.504,900
1.505,900
1.506,900
1.507,900
1.508,900
1.509,900
1.51,900
1.511,900
1.512,900
1.513,900
1.514,900
1.515,900
1.516,900
1.517,900
1.518,900
1.519,900
1.52,900
1.521,900
1.522,900
1.523,900
1.524,900
1.525,900
1.526,900
1.527,900
1.528,900
1.529,900
1.53,900
1.531,900
1.532,900
1.533,900
1.534,900
1.535,900
1.536,900
1.537,900
1.538,900
1.539,900
1.54,900
1.541,900
1.542,900
1.543,900
1.544,900
1.545,900
1.546,900
1.547,900
1.548,900
1.549,900
1.55,900
1.551,900
1.552,900
1.553,900
1.554,900
1.555,900
1.556,900
1.557,900
1.558,900
1.559,900
1.56,900
1.561,900
1.562,900
1.563,900
1.564,900
1.565,900
1.566,900
1.567,900
1.568,900
1.569,900
1.57,900
1.571,900
1.572,900
1.573,900
1.574,900
1.575,900
1.576,900
1.577,900
1.578,900
1.579,900
1.58,900
1.581,900
1.582,900
1.583,900
1.584,900
1.585,900
1.586,900
1.587,900
1.588,900
1.589,900
1.59,900
1.591,900
1.592,900
1.593,900
1.594,900
1.595,900
1.596,900
1.597,900
1.598,900
1.599,900
1.6,900
1.601,900
1.602,900
1.603,900
1.604,900
1.605,900
1.606,900
1.607,900
1.608,900
1.609,900
1.61,900
1.611,900
1.612,900
1.613,900
1.614,900
1.615,900
1.616,900
1.617,900
1.618,900
1.619,900
1.62,900
1.621,900
1.622,900
1.623,900
1.624,900
1.625,900
1.626,900
1.627,900
1.628,900
1.629,900
1.63,900
1.631,900
1.632,900
1.633,900
1.634,900
1.635,900
1.636,900
1.637,900
1.638,900
1.639,900
1.64,900
1.641,900
1.642,900
1.643,900
1.644,900
1.645,900
1.646,900
1.647,900
1.648,900
1.649,900
1.65,900
1.651,900
1.652,900
1.653,900
1.654,900
1.655,900
1.656,900
1.657,900
1.658,900
1.659,900
1.66,900
1.661,900
1.662,900
1.663,900
1.664,900
1.665,900
1.666,900
1.667,900
1.668,900
1.669,900
1.67,900
1.671,900
1.672,900
1.673,900
1.674,900
1.675,900
1.676,900
1.677,900
1.678,900
1.679,900
1.68,900
1.681,900
1.682,900
1.683,900
1.684,900
1.685,900
1.686,900
1.687,900
1.688,900
1.689,900
1.69,900
1.691,900
1.692,900
1.693,900
1.694,900
1.695,900
1.696,900
1.697,900
1.698,900
1.699,900
1.7,900
1.701,900
1.702,900
1.703,900
1.704,900
1.705,900
1.706,900
1.707,900
1.708,900
1.709,900
1.71,900
1.711,900
1.712,900
1.713,900
1.714,900
1.715,900
1.716,900
1.717,900
1.718,900
1.719,900
1.72,900
1.721,900
1.722,900
1.723,900
1.724,900
1.725,900
1.726,900
1.727,900
1.728,900
1.729,900
1.73,900
1.731,900
1.732,900
1.733,900
1.734,900
1.735,900
1.736,900
1.737,900
1.738,900
1.739,900
1.74,900
1.741,900
1.742,900
1.743,900
1.744,900
1.745,900
1.746,900
1.747,900
1.748,900
1.749,900
1.75,900
1.751,900
1.752,900
1.753,900
1.754,900
1.755,900
1.756,900
1.757,900
1.758,900
1.759,900
1.76,900
1.761,900
1.762,900
1.763,900
1.764,900
1.765,900
1.766,900
1.767,900
1.768,900
1.769,900
1.77,900
1.771,900
1.772,900
1.773,900
1.774,900
1.775,900
1.776,900
1.777,900
1.778,900
1.779,900
1.78,900
1.781,900
1.782,900
1.783,900
1.784,900
1.785,900
1.786,900
1.787,900
1.788,900
1.789,900
1.79,900
1.791,900
1.792,900
1.793,900
1.794,900
1.795,900
1.796,900
1.797,900
1.798,900
1.799,900
1.8,900
1.801,900
1.802,900
1.803,900
1.804,900
1.805,900
1.806,900
1.807,900
1.808,900
1.809,900
1.81,900
1.811,900
1.812,900
1.813,900
1.814,900
1.815,900
1.816,900
1.817,900
1.818,900
1.819,900
1.82,900
1.821,900
1.822,900
1.823,900
1.824,900
1.825,900
1.826,900
1.827,900
1.828,900
1.829,900
1.83,900
1.831,900
1.832,900
1.833,900
1.834,900
1.835,900
1.836,900
1.837,900
1.838,900
1.839,900
1.84,900
1.841,900
1.842,900
1.843,900
1.844,900
1.845,900
1.846,900
1.847,900
1.848,900
1.849,900
1.85,900
1.851,900
1.852,900
1.853,900
1.854,900
1.855,900
1.856,900
1.857,900
1.858,900
1.859,900
1.86,900
1.861,900
1.862,900
1.863,900
1.864,900
1.865,900
1.866,900
1.867,900
1.868,900
1.869,900
1.87,900
1.871,900
1.872,900
1.873,900
1.874,900
1.875,900
1.876,900
1.877,900
1.878,900
1.879,900
1.88,900
1.881,900
1.882,900
1.883,900
1.884,900
1.885,900
1.886,900
1.887,900
1.888,900
1.889,900
1.89,900
1.891,900
1.892,900
1.893,900
1.894,900
1.895,900
1.896,900
1.897,900
1.898,900
1.899,900
1.9,900
1.901,900
1.902,900
1.903,900
1.904,900
1.905,900
1.906,900
1.907,900
1.908,900
1.909,900
1.91,900
1.911,900
1.912,900
1.913,900
1.914,900
1.915,900
1.916,900
1.917,900
1.918,900
1.919,900
1.92,900
1.921,900
1.922,900
1.923,900
1.924,900
1.925,900
1.926,900
1.927,900
1.928,900
1.929,900
1.93,900
1.931,900
1.932,900
1.933,900
1.934,900
1.935,900
1.936,900
1.937,900
1.938,900
1.939,900
1.94,900
1.941,900
1.942,900
1.943,900
1.944,900
1.945,900
1.946,900
1.947,900
1.948,900
1.949,900
1.95,900
1.951,900
1.952,900
1.953,900
1.954,900
1.955,900
1.956,900
1.957,900
1.958,900
1.959,900
1.96,900
1.961,900
1.962,900
1.963,900
1.964,900
1.965,900
1.966,900
1.967,900
1.968,900
1.969,900
1.97,900
1.971,900
1.972,900
1.973,900
1.974,900
1.975,900
1.976,900
1.977,900
1.978,900
1.979,900
1.98,900
1.981,900
1.982,900
1.983,900
1.984,900
1.985,900
1.986,900
1.987,900
1.988,900
1.989,900
1.99,900
1.991,900
1.992,900
1.993,900
1.994,900
1.995,900
1.996,900
1.997,900
1.998,900
1.999,900
2,900
2.001,900
2.002,900
2.003,900
2.004,900
2.005,900
2.006,900
2.007,900
2.008,900
2.009,900
2.01,900
2.011,900
2.012,900
2.013,900
2.014,900
2.015,900
2.016,900
2.017,900
2.018,900
2.019,900
2.02,900
2.021,900
2.022,900
2.023,900
2.024,900
2.025,900
2.026,900
2.027,900
2.028,900
2.029,900
2.03,900
2.031,900
2.032,900
2.033,900
2.034,900
2.035,900
2.036,900
2.037,900
2.038,900
2.039,900
2.04,900
2.041,900
2.042,900
2.043,900
2.044,900
2.045,900
2.046,900
2.047,900
2.048,900
2.049,900
2.05,900
2.051,900
2.052,900
2.053,900
2.054,900
2.055,900
2.056,900
2.057,900
2.058,900
2.059,900
2.06,900
2.061,900
2.062,900
2.063,900
2.064,900
2.065,900
2.066,900
2.067,900
2.068,900
2.069,900
2.07,900
2.071,900
2.072,900
2.073,900
2.074,900
2.075,900
2.076,900
2.077,900
2.078,900
2.079,900
2.08,900
2.081,900
2.082,900
2.083,900
2.084,900
2.085,900
2.086,900
2.087,900
2.088,900
2.089,900
2.09,900
2.091,900
2.092,900
2.093,900
2.094,900
2.095,900
2.096,900
2.097,900
2.098,900
2.099,900
2.1,900
2.101,900
2.102,900
2.103,900
2.104,900
2.105,900
2.106,900
2.107,900
2.108,900
2.109,900
2.11,900
2.111,900
2.112,900
2.113,900
2.114,900
2.115,900
2.116,900
2.117,900
2.118,900
2.119,900
2.12,900
2.121,900
2.122,900
2.123,900
2.124,900
2.125,900
2.126,900
2.127,900
2.128,900
2.129,900
2.13,900
2.131,900
2.132,900
2.133,900
2.134,900
2.135,900
2.136,900
2.137,900
2.138,900
2.139,900
2.14,900
2.141,900
2.142,900
2.143,900
2.144,900
2.145,900
2.146,900
2.147,900
2.148,900
2.149,900
2.15,900
2.151,900
2.152,900
2.153,900
2.154,900
2.155,900
2.156,900
2.157,900
2.158,900
2.159,900
2.16,900
2.161,900
2.162,900
2.163,900
2.164,900
2.165,900
2.166,900
2.167,900
2.168,900
2.169,900
2.17,900
2.171,900
2.172,900
2.173,900
2.174,900
2.175,900
2.176,900
2.177,900
2.178,900
2.179,900
2.18,900
2.181,900
2.182,900
2.183,900
2.184,900
2.185,900
2.186,900
2.187,900
2.188,900
2.189,900
2.19,900
2.191,900
2.192,900
2.193,900
2.194,900
2.195,900
2.196,900
2.197,900
2.198,900
2.199,900
2.2,900
2.201,900
2.202,900
2.203,900
2.204,900
2.205,900
2.206,900
2.207,900
2.208,900
2.209,900
2.21,900
2.211,900
2.212,900
2.213,900
2.214,900
2.215,900
2.216,900
2.217,900
2.218,900
2.219,900
2.22,900
2.221,900
2.222,900
2.223,900
2.224,900
2.225,900
2.226,900
2.227,900
2.228,900
2.229,900
2.23,900
2.231,900
2.232,900
2.233,900
2.234,900
2.235,900
2.236,900
2.237,900
2.238,900
2.239,900
2.24,900
2.241,900
2.242,900
2.243,900
2.244,900
2.245,900
2.246,900
2.247,900
2.248,900
2.249,900
2.25,900
2.251,900
2.252,900
2.253,900
2.254,900
2.255,900
2.256,900
2.257,900
2.258,900
2.259,900
2.26,900
2.261,900
2.262,900
2.263,900
2.264,900
2.265,900
2.266,900
2.267,900
2.268,900
2.269,900
2.27,900
2.271,900
2.272,900
2.273,900
2.274,900
2.275,900
2.276,900
2.277,900
2.278,900
2.279,900
2.28,900
2.281,900
2.282,900
2.283,900
2.284,900
2.285,900
2.286,900
2.287,900
2.288,900
2.289,900
2.29,900
2.291,900
2.292,900
2.293,900
2.294,900
2.295,900
2.296,900
2.297,900
2.298,900
2.299,900
2.3,900
2.301,900
2.302,900
2.303,900
2.304,900
2.305,900
2.306,900
2.307,900
2.308,900
2.309,900
2.31,900
2.311,900
2.312,900
2.313,900
2.314,900
2.315,900
2.316,900
2.317,900
2.318,900
2.319,900
2.32,900
2.321,900
2.322,900
2.323,900
2.324,900
2.325,900
2.326,900
2.327,900
2.328,900
2.329,900
2.33,900
2.331,900
2.332,900
2.333,900
2.334,900
2.335,900
2.336,900
2.337,900
2.338,900
2.339,900
2.34,900
2.341,900
2.342,900
2.343,900
2.344,900
2.345,900
2.346,900
2.347,900
2.348,900
2.349,900
2.35,900
2.351,900
2.352,900
2.353,900
2.354,900
2.355,900
2.356,900
2.357,900
2.358,900
2.359,900
2.36,900
2.361,900
2.362,900
2.363,900
2.364,900
2.365,900
2.366,900
2.367,900
2.368,900
2.369,900
2.37,900
2.371,900
2.372,900
2.373,900
2.374,900
2.375,900
2.376,900
2.377,900
2.378,900
2.379,900
2.38,900
2.381,900
2.382,900
2.383,900
2.384,900
2.385,900
2.386,900
2.387,900
2.388,900
2.389,900
2.39,900
2.391,900
2.392,900
2.393,900
2.394,900
2.395,900
2.396,900
2.397,900
2.398,900
2.399,900
2.4,900
2.401,900
2.402,900
2.403,900
2.404,900
2.405,900
2.406,900
2.407,900
2.408,900
2.409,900
2.41,900
2.411,900
2.412,900
2.413,900
2.414,900
2.415,900
2.416,900
2.417,900
2.418,900
2.419,900
2.42,900
2.421,900
2.422,900
2.423,900
2.424,900
2.425,900
2.426,900
2.427,900
2.428,900
2.429,900
2.43,900
2.431,900
2.432,900
2.433,900
2.434,900
2.435,900
2.436,900
2.437,900
2.438,900
2.439,900
2.44,900
2.441,900
2.442,900
2.443,900
2.444,900
2.445,900
2.446,900
2.447,900
2.448,900
2.449,900
2.45,900
2.451,900
2.452,900
2.453,900
2.454,900
2.455,900
2.456,900
2.457,900
2.458,900
2.459,900
2.46,900
2.461,900
2.462,900
2.463,900
2.464,900
2.465,900
2.466,900
2.467,900
2.468,900
2.469,900
2.47,900
2.471,900
2.472,900
2.473,900
2.474,900
2.475,900
2.476,900
2.477,900
2.478,900
2.479,900
2.48,900
2.481,900
2.482,900
2.483,900
2.484,900
2.485,900
2.486,900
2.487,900
2.488,900
2.489,900
2.49,900
2.491,900
2.492,900
2.493,900
2.494,900
2.495,900
2.496,900
2.497,900
2.498,900
2.499,900
2.5,900
2.501,900
2.502,900
2.503,900
2.504,900
2.505,900
2.506,900
2.507,900
2.508,900
2.509,900
2.51,900
2.511,900
2.512,900
2.513,900
2.514,900
2.515,900
2.516,900
2.517,900
2.518,900
2.519,900
2.52,900
2.521,900
2.522,900
2.523,900
2.524,900
2.525,900
2.526,900
2.527,900
2.528,900
2.529,900
2.53,900
2.531,900
2.532,900
2.533,900
2.534,900
2.535,900
2.536,900
2.537,900
2.538,900
2.539,900
2.54,900
2.541,900
2.542,900
2.543,900
2.544,900
2.545,900
2.546,900
2.547,900
2.548,900
2.549,900
2.55,900
2.551,900
2.552,900
2.553,900
2.554,900
2.555,900
2.556,900
2.557,900
2.558,900
2.559,900
2.56,900
2.561,900
2.562,900
2.563,900
2.564,900
2.565,900
2.566,900
2.567,900
2.568,900
2.569,900
2.57,900
2.571,900
2.572,900
2.573,900
2.574,900
2.575,900
2.576,900
2.577,900
2.578,900
2.579,900
2.58,900
2.581,900
2.582,900
2.583,900
2.584,900
2.585,900
2.586,900
2.587,900
2.588,900
2.589,900
2.59,900
2.591,900
2.592,900
2.593,900
2.594,900
2.595,900
2.596,900
2.597,900
2.598,900
2.599,900
2.6,900
2.601,900
2.602,900
2.603,900
2.604,900
2.605,900
2.606,900
2.607,900
2.608,900
2.609,900
2.61,900
2.611,900
2.612,900
2.613,900
2.614,900
2.615,900
2.616,900
2.617,900
2.618,900
2.619,900
2.62,900
2.621,900
2.622,900
2.623,900
2.624,900
2.625,900
2.626,900
2.627,900
2.628,900
2.629,900
2.63,900
2.631,900
2.632,900
2.633,900
2.634,900
2.635,900
2.636,900
2.637,900
2.638,900
2.639,900
2.64,900
2.641,900
2.642,900
2.643,900
2.644,900
2.645,900
2.646,900
2.647,900
2.648,900
2.649,900
2.65,900
2.651,900
2.652,900
2.653,900
2.654,900
2.655,900
2.656,900
2.657,900
2.658,900
2.659,900
2.66,900
2.661,900
2.662,900
2.663,900
2.664,900
2.665,900
2.666,900
2.667,900
2.668,900
2.669,900
2.67,900
2.671,900
2.672,900
2.673,900
2.674,900
2.675,900
2.676,900
2.677,900
2.678,900
2.679,900
2.68,900
2.681,900
2.682,900
2.683,900
2.684,900
2.685,900
2.686,900
2.687,900
2.688,900
2.689,900
2.69,900
2.691,900
2.692,900
2.693,900
2.694,900
2.695,900
2.696,900
2.697,900
2.698,900
2.699,900
2.7,900
2.701,900
2.702,900
2.703,900
2.704,900
2.705,900
2.706,900
2.707,900
2.708,900
2.709,900
2.71,900
2.711,900
2.712,900
2.713,900
2.714,900
2.715,900
2.716,900
2.717,900
2.718,900
2.719,900
2.72,900
2.721,900
2.722,900
2.723,900
2.724,900
2.725,900
2.726,900
2.727,900
2.728,900
2.729,900
2.73,900
2.731,900
2.732,900
2.733,900
2.734,900
2.735,900
2.736,900
2.737,900
2.738,900
2.739,900
2.74,900
2.741,900
2.742,900
2.743,900
2.744,900
2.745,900
2.746,900
2.747,900
2.748,900
2.749,900
2.75,900
2.751,900
2.752,900
2.753,900
2.754,900
2.755,900
2.756,900
2.757,900
2.758,900
2.759,900
2.76,900
2.761,900
2.762,900
2.763,900
2.764,900
2.765,900
2.766,900
2.767,900
2.768,900
2.769,900
2.77,900
2.771,900
2.772,900
2.773,900
2.774,900
2.775,900
2.776,900
2.777,900
2.778,900
2.779,900
2.78,900
2.781,900
2.782,900
2.783,900
2.784,900
2.785,900
2.786,900
2.787,900
2.788,900
2.789,900
2.79,900
2.791,900
2.792,900
2.793,900
2.794,900
2.795,900
2.796,900
2.797,900
2.798,900
2.799,900
2.8,900
2.801,900
2.802,900
2.803,900
2.804,900
2.805,900
2.806,900
2.807,900
2.808,900
2.809,900
2.81,900
2.811,900
2.812,900
2.813,900
2.814,900
2.815,900
2.816,900
2.817,900
2.818,900
2.819,900
2.82,900
2.821,900
2.822,900
2.823,900
2.824,900
2.825,900
2.826,900
2.827,900
2.828,900
2.829,900
2.83,900
2.831,900
2.832,900
2.833,900
2.834,900
2.835,900
2.836,900
2.837,900
2.838,900
2.839,900
2.84,900
2.841,900
2.842,900
2.843,900
2.844,900
2.845,900
2.846,900
2.847,900
2.848,900
2.849,900
2.85,900
2.851,900
2.852,900
2.853,900
2.854,900
2.855,900
2.856,900
2.857,900
2.858,900
2.859,900
2.86,900
2.861,900
2.862,900
2.863,900
2.864,900
2.865,900
2.866,900
2.867,900
2.868,900
2.869,900
2.87,900
2.871,900
2.872,900
2.873,900
2.874,900
2.875,900
2.876,900
2.877,900
2.878,900
2.879,900
2.88,900
2.881,900
2.882,900
2.883,900
2.884,900
2.885,900
2.886,900
2.887,900
2.888,900
2.889,900
2.89,900
2.891,900
2.892,900
2.893,900
2.894,900
2.895,900
2.896,900
2.897,900
2.898,900
2.899,900
2.9,900
2.901,900
2.902,900
2.903,900
2.904,900
2.905,900
2.906,900
2.907,900
2.908,900
2.909,900
2.91,900
2.911,900
2.912,900
2.913,900
2.914,900
2.915,900
2.916,900
2.917,900
2.918,900
2.919,900
2.92,900
2.921,900
2.922,900
2.923,900
2.924,900
2.925,900
2.926,900
2.927,900
2.928,900
2.929,900
2.93,900
2.931,900
2.932,900
2.933,900
2.934,900
2.935,900
2.936,900
2.937,900
2.938,900
2.939,900
2.94,900
2.941,900
2.942,900
2.943,900
2.944,900
2.945,900
2.946,900
2.947,900
2.948,900
2.949,900
2.95,900
2.951,900
2.952,900
2.953,900
2.954,900
2.955,900
2.956,900
2.957,900
2.958,900
2.959,900
2.96,900
2.961,900
2.962,900
2.963,900
2.964,900
2.965,900
2.966,900
2.967,900
2.968,900
2.969,900
2.97,900
2.971,900
2.972,900
2.973,900
2.974,900
2.975,900
2.976,900
2.977,900
2.978,900
2.979,900
2.98,900
2.981,900
2.982,900
2.983,900
2.984,900
2.985,900
2.986,900
2.987,900
2.988,900
2.989,900
2.99,900
2.991,900
2.992,900
2.993,900
2.994,900
2.995,900
2.996,900
2.997,900
2.998,900
2.999,900
3,900
3.001,900
3.002,900
3.003,900
3.004,900
3.005,900
3.006,900
3.007,900
3.008,900
3.009,900
3.01,900
3.011,900
3.012,900
3.013,900
3.014,900
3.015,900
3.016,900
3.017,900
3.018,900
3.019,900
3.02,900
3.021,900
3.022,900
3.023,900
3.024,900
3.025,900
3.026,900
3.027,900
3.028,900
3.029,900
3.03,900
3.031,900
3.032,900
3.033,900
3.034,900
3.035,900
3.036,900
3.037,900
3.038,900
3.039,900
3.04,900
3.041,900
3.042,900
3.043,900
3.044,900
3.045,900
3.046,900
3.047,900
3.048,900
3.049,900
3.05,900
3.051,900
3.052,900
3.053,900
3.054,900
3.055,900
3.056,900
3.057,900
3.058,900
3.059,900
3.06,900
3.061,900
3.062,900
3.063,900
3.064,900
3.065,900
3.066,900
3.067,900
3.068,900
3.069,900
3.07,900
3.071,900
3.072,900
3.073,900
3.074,900
3.075,900
3.076,900
3.077,900
3.078,900
3.079,900
3.08,900
3.081,900
3.082,900
3.083,900
3.084,900
3.085,900
3.086,900
3.087,900
3.088,900
3.089,900
3.09,900
3.091,900
3.092,900
3.093,900
3.094,900
3.095,900
3.096,900
3.097,900
3.098,900
3.099,900
3.1,900
3.101,900
3.102,900
3.103,900
3.104,900
3.105,900
3.106,900
3.107,900
3.108,900
3.109,900
3.11,900
3.111,900
3.112,900
3.113,900
3.114,900
3.115,900
3.116,900
3.117,900
3.118,900
3.119,900
3.12,900
3.121,900
3.122,900
3.123,900
3.124,900
3.125,900
3.126,900
3.127,900
3.128,900
3.129,900
3.13,900
3.131,900
3.132,900
3.133,900
3.134,900
3.135,900
3.136,900
3.137,900
3.138,900
3.139,900
3.14,900
3.141,900
3.142,900
3.143,900
3.144,900
3.145,900
3.146,900
3.147,900
3.148,900
3.149,900
3.15,900
3.151,900
3.152,900
3.153,900
3.154,900
3.155,900
3.156,900
3.157,900
3.158,900
3.159,900
3.16,900
3.161,900
3.162,900
3.163,900
3.164,900
3.165,900
3.166,900
3.167,900
3.168,900
3.169,900
3.17,900
3.171,900
3.172,900
3.173,900
3.174,900
3.175,900
3.176,900
3.177,900
3.178,900
3.179,900
3.18,900
3.181,900
3.182,900
3.183,900
3.184,900
3.185,900
3.186,900
3.187,900
3.188,900
3.189,900
3.19,900
3.191,900
3.192,900
3.193,900
3.194,900
3.195,900
3.196,900
3.197,900
3.198,900
3.199,900
3.2,900
3.201,900
3.202,900
3.203,900
3.204,900
3.205,900
3.206,900
3.207,900
3.208,900
3.209,900
3.21,900
3.211,900
3.212,900
3.213,900
3.214,900
3.215,900
3.216,900
3.217,900
3.218,900
3.219,900
3.22,900
3.221,900
3.222,900
3.223,900
3.224,900
3.225,900
3.226,900
3.227,900
3.228,900
3.229,900
3.23,900
3.231,900
3.232,900
3.233,900
3.234,900
3.235,900
3.236,900
3.237,900
3.238,900
3.239,900
3.24,900
3.241,900
3.242,900
3.243,900
3.244,900
3.245,900
3.246,900
3.247,900
3.248,900
3.249,900
3.25,900
3.251,900
3.252,900
3.253,900
3.254,900
3.255,900
3.256,900
3.257,900
3.258,900
3.259,900
3.26,900
3.261,900
3.262,900
3.263,900
3.264,900
3.265,900
3.266,900
3.267,900
3.268,900
3.269,900
3.27,900
3.271,900
3.272,900
3.273,900
3.274,900
3.275,900
3.276,900
3.277,900
3.278,900
3.279,900
3.28,900
3.281,900
3.282,900
3.283,900
3.284,900
3.285,900
3.286,900
3.287,900
3.288,900
3.289,900
3.29,900
3.291,900
3.292,900
3.293,900
3.294,900
3.295,900
3.296,900
3.297,900
3.298,900
3.299,900
3.3,900
3.301,900
3.302,900
3.303,900
3.304,900
3.305,900
3.306,900
3.307,900
3.308,900
3.309,900
3.31,900
3.311,900
3.312,900
3.313,900
3.314,900
3.315,900
3.316,900
3.317,900
3.318,900
3.319,900
3.32,900
3.321,900
3.322,900
3.323,900
3.324,900
3.325,900
3.326,900
3.327,900
3.328,900
3.329,900
3.33,900
3.331,900
3.332,900
3.333,900
3.334,900
3.335,900
3.336,900
3.337,900
3.338,900
3.339,900
3.34,900
3.341,900
3.342,900
3.343,900
3.344,900
3.345,900
3.346,900
3.347,900
3.348,900
3.349,900
3.35,900
3.351,900
3.352,900
3.353,900
3.354,900
3.355,900
3.356,900
3.357,900
3.358,900
3.359,900
3.36,900
3.361,900
3.362,900
3.363,900
3.364,900
3.365,900
3.366,900
3.367,900
3.368,900
3.369,900
3.37,900
3.371,900
3.372,900
3.373,900
3.374,900
3.375,900
3.376,900
3.377,900
3.378,900
3.379,900
3.38,900
3.381,900
3.382,900
3.383,900
3.384,900
3.385,900
3.386,900
3.387,900
3.388,900
3.389,900
3.39,900
3.391,900
3.392,900
3.393,900
3.394,900
3.395,900
3.396,900
3.397,900
3.398,900
3.399,900
3.4,900
3.401,900
3.402,900
3.403,900
3.404,900
3.405,900
3.406,900
3.407,900
3.408,900
3.409,900
3.41,900
3.411,900
3.412,900
3.413,900
3.414,900
3.415,900
3.416,900
3.417,900
3.418,900
3.419,900
3.42,900
3.421,900
3.422,900
3.423,900
3.424,900
3.425,900
3.426,900
3.427,900
3.428,900
3.429,900
3.43,900
3.431,900
3.432,900
3.433,900
3.434,900
3.435,900
3.436,900
3.437,900
3.438,900
3.439,900
3.44,900
3.441,900
3.442,900
3.443,900
3.444,900
3.445,900
3.446,900
3.447,900
3.448,900
3.449,900
3.45,900
3.451,900
3.452,900
3.453,900
3.454,900
3.455,900
3.456,900
3.457,900
3.458,900
3.459,900
3.46,900
3.461,900
3.462,900
3.463,900
3.464,900
3.465,900
3.466,900
3.467,900
3.468,900
3.469,900
3.47,900
3.471,900
3.472,900
3.473,900
3.474,900
3.475,900
3.476,900
3.477,900
3.478,900
3.479,900
3.48,900
3.481,900
3.482,900
3.483,900
3.484,900
3.485,900
3.486,900
3.487,900
3.488,900
3.489,900
3.49,900
3.491,900
3.492,900
3.493,900
3.494,900
3.495,900
3.496,900
3.497,900
3.498,900
3.499,900
3.5,900
3.501,900
3.502,900
3.503,900
3.504,900
3.505,900
3.506,900
3.507,900
3.508,900
3.509,900
3.51,900
3.511,900
3.512,900
3.513,900
3.514,900
3.515,900
3.516,900
3.517,900
3.518,900
3.519,900
3.52,900
3.521,900
3.522,900
3.523,900
3.524,900
3.525,900
3.526,900
3.527,900
3.528,900
3.529,900
3.53,900
3.531,900
3.532,900
3.533,900
3.534,900
3.535,900
3.536,900
3.537,900
3.538,900
3.539,900
3.54,900
3.541,900
3.542,900
3.543,900
3.544,900
3.545,900
3.546,900
3.547,900
3.548,900
3.549,900
3.55,900
3.551,900
3.552,900
3.553,900
3.554,900
3.555,900
3.556,900
3.557,900
3.558,900
3.559,900
3.56,900
3.561,900
3.562,900
3.563,900
3.564,900
3.565,900
3.566,900
3.567,900
3.568,900
3.569,900
3.57,900
3.571,900
3.572,900
3.573,900
3.574,900
3.575,900
3.576,900
3.577,900
3.578,900
3.579,900
3.58,900
3.581,900
3.582,900
3.583,900
3.584,900
3.585,900
3.586,900
3.587,900
3.588,900
3.589,900
3.59,900
3.591,900
3.592,900
3.593,900
3.594,900
3.595,900
3.596,900
3.597,900
3.598,900
3.599,900
3.6,900
3.601,900
3.602,900
3.603,900
3.604,900
3.605,900
3.606,900
3.607,900
3.608,900
3.609,900
3.61,900
3.611,900
3.612,900
3.613,900
3.614,900
3.615,900
3.616,900
3.617,900
3.618,900
3.619,900
3.62,900
3.621,900
3.622,900
3.623,900
3.624,900
3.625,900
3.626,900
3.627,900
3.628,900
3.629,900
3.63,900
3.631,900
3.632,900
3.633,900
3.634,900
3.635,900
3.636,900
3.637,900
3.638,900
3.639,900
3.64,900
3.641,900
3.642,900
3.643,900
3.644,900
3.645,900
3.646,900
3.647,900
3.648,900
3.649,900
3.65,900
3.651,900
3.652,900
3.653,900
3.654,900
3.655,900
3.656,900
3.657,900
3.658,900
3.659,900
3.66,900
3.661,900
3.662,900
3.663,900
3.664,900
3.665,900
3.666,900
3.667,900
3.668,900
3.669,900
3.67,900
3.671,900
3.672,900
3.673,900
3.674,900
3.675,900
3.676,900
3.677,900
3.678,900
3.679,900
3.68,900
3.681,900
3.682,900
3.683,900
3.684,900
3.685,900
3.686,900
3.687,900
3.688,900
3.689,900
3.69,900
3.691,900
3.692,900
3.693,900
3.694,900
3.695,900
3.696,900
3.697,900
3.698,900
3.699,900
3.7,900
3.701,900
3.702,900
3.703,900
3.704,900
3.705,900
3.706,900
3.707,900
3.708,900
3.709,900
3.71,900
3.711,900
3.712,900
3.713,900
3.714,900
3.715,900
3.716,900
3.717,900
3.718,900
3.719,900
3.72,900
3.721,900
3.722,900
3.723,900
3.724,900
3.725,900
3.726,900
3.727,900
3.728,900
3.729,900
3.73,900
3.731,900
3.732,900
3.733,900
3.734,900
3.735,900
3.736,900
3.737,900
3.738,900
3.739,900
3.74,900
3.741,900
3.742,900
3.743,900
3.744,900
3.745,900
3.746,900
3.747,900
3.748,900
3.749,900
3.75,900
3.751,900
3.752,900
3.753,900
3.754,900
3.755,900
3.756,900
3.757,900
3.758,900
3.759,900
3.76,900
3.761,900
3.762,900
3.763,900
3.764,900
3.765,900
3.766,900
3.767,900
3.768,900
3.769,900
3.77,900
3.771,900
3.772,900
3.773,900
3.774,900
3.775,900
3.776,900
3.777,900
3.778,900
3.779,900
3.78,900
3.781,900
3.782,900
3.783,900
3.784,900
3.785,900
3.786,900
3.787,900
3.788,900
3.789,900
3.79,900
3.791,900
3.792,900
3.793,900
3.794,900
3.795,900
3.796,900
3.797,900
3.798,900
3.799,900
3.8,900
3.801,900
3.802,900
3.803,900
3.804,900
3.805,900
3.806,900
3.807,900
3.808,900
3.809,900
3.81,900
3.811,900
3.812,900
3.813,900
3.814,900
3.815,900
3.816,900
3.817,900
3.818,900
3.819,900
3.82,900
3.821,900
3.822,900
3.823,900
3.824,900
3.825,900
3.826,900
3.827,900
3.828,900
3.829,900
3.83,900
3.831,900
3.832,900
3.833,900
3.834,900
3.835,900
3.836,900
3.837,900
3.838,900
3.839,900
3.84,900
3.841,900
3.842,900
3.843,900
3.844,900
3.845,900
3.846,900
3.847,900
3.848,900
3.849,900
3.85,900
3.851,900
3.852,900
3.853,900
3.854,900
3.855,900
3.856,900
3.857,900
3.858,900
3.859,900
3.86,900
3.861,900
3.862,900
3.863,900
3.864,900
3.865,900
3.866,900
3.867,900
3.868,900
3.869,900
3.87,900
3.871,900
3.872,900
3.873,900
3.874,900
3.875,900
3.876,900
3.877,900
3.878,900
3.879,900
3.88,900
3.881,900
3.882,900
3.883,900
3.884,900
3.885,900
3.886,900
3.887,900
3.888,900
3.889,900
3.89,900
3.891,900
3.892,900
3.893,900
3.894,900
3.895,900
3.896,900
3.897,900
3.898,900
3.899,900
3.9,900
3.901,900
3.902,900
3.903,900
3.904,900
3.905,900
3.906,900
3.907,900
3.908,900
3.909,900
3.91,900
3.911,900
3.912,900
3.913,900
3.914,900
3.915,900
3.916,900
3.917,900
3.918,900
3.919,900
3.92,900
3.921,900
3.922,900
3.923,900
3.924,900
3.925,900
3.926,900
3.927,900
3.928,900
3.929,900
3.93,900
3.931,900
3.932,900
3.933,900
3.934,900
3.935,900
3.936,900
3.937,900
3.938,900
3.939,900
3.94,900
3.941,900
3.942,900
3.943,900
3.944,900
3.945,900
3.946,900
3.947,900
3.948,900
3.949,900
3.95,900
3.951,900
3.952,900
3.953,900
3.954,900
3.955,900
3.956,900
3.957,900
3.958,900
3.959,900
3.96,900
3.961,900
3.962,900
3.963,900
3.964,900
3.965,900
3.966,900
3.967,900
3.968,900
3.969,900
3.97,900
3.971,900
3.972,900
3.973,900
3.974,900
3.975,900
3.976,900
3.977,900
3.978,900
3.979,900
3.98,900
3.981,900
3.982,900
3.983,900
3.984,900
3.985,900
3.986,900
3.987,900
3.988,900
3.989,900
3.99,900
3.991,900
3.992,900
3.993,900
3.994,900
3.995,900
3.996,900
3.997,900
3.998,900
3.999,900
4,900
4.001,900
4.002,900
4.003,900
4.004,900
4.005,900
4.006,900
4.007,900
4.008,900
4.009,900
4.01,900
4.011,900
4.012,900
4.013,900
4.014,900
4.015,900
4.016,900
4.017,900
4.018,900
4.019,900
4.02,900
4.021,900
4.022,900
4.023,900
4.024,900
4.025,900
4.026,900
4.027,900
4.028,900
4.029,900
4.03,900
4.031,900
4.032,900
4.033,900
4.034,900
4.035,900
4.036,900
4.037,900
4.038,900
4.039,900
4.04,900
4.041,900
4.042,900
4.043,900
4.044,900
4.045,900
4.046,900
4.047,900
4.048,900
4.049,900
4.05,900
4.051,900
4.052,900
4.053,900
4.054,900
4.055,900
4.056,900
4.057,900
4.058,900
4.059,900
4.06,900
4.061,900
4.062,900
4.063,900
4.064,900
4.065,900
4.066,900
4.067,900
4.068,900
4.069,900
4.07,900
4.071,900
4.072,900
4.073,900
4.074,900
4.075,900
4.076,900
4.077,900
4.078,900
4.079,900
4.08,900
4.081,900
4.082,900
4.083,900
4.084,900
4.085,900
4.086,900
4.087,900
4.088,900
4.089,900
4.09,900
4.091,900
4.092,900
4.093,900
4.094,900
4.095,900
4.096,900
4.097,900
4.098,900
4.099,900
4.1,900
4.101,900
4.102,900
4.103,900
4.104,900
4.105,900
4.106,900
4.107,900
4.108,900
4.109,900
4.11,900
4.111,900
4.112,900
4.113,900
4.114,900
4.115,900
4.116,900
4.117,900
4.118,900
4.119,900
4.12,900
4.121,900
4.122,900
4.123,900
4.124,900
4.125,900
4.126,900
4.127,900
4.128,900
4.129,900
4.13,900
4.131,900
4.132,900
4.133,900
4.134,900
4.135,900
4.136,900
4.137,900
4.138,900
4.139,900
4.14,900
4.141,900
4.142,900
4.143,900
4.144,900
4.145,900
4.146,900
4.147,900
4.148,900
4.149,900
4.15,900
4.151,900
4.152,900
4.153,900
4.154,900
4.155,900
4.156,900
4.157,900
4.158,900
4.159,900
4.16,900
4.161,900
4.162,900
4.163,900
4.164,900
4.165,900
4.166,900
4.167,900
4.168,900
4.169,900
4.17,900
4.171,900
4.172,900
4.173,900
4.174,900
4.175,900
4.176,900
4.177,900
4.178,900
4.179,900
4.18,900
4.181,900
4.182,900
4.183,900
4.184,900
4.185,900
4.186,900
4.187,900
4.188,900
4.189,900
4.19,900
4.191,900
4.192,900
4.193,900
4.194,900
4.195,900
4.196,900
4.197,900
4.198,900
4.199,900
4.2,900
4.201,900
4.202,900
4.203,900
4.204,900
4.205,900
4.206,900
4.207,900
4.208,900
4.209,900
4.21,900
4.211,900
4.212,900
4.213,900
4.214,900
4.215,900
4.216,900
4.217,900
4.218,900
4.219,900
4.22,900
4.221,900
4.222,900
4.223,900
4.224,900
4.225,900
4.226,900
4.227,900
4.228,900
4.229,900
4.23,900
4.231,900
4.232,900
4.233,900
4.234,900
4.235,900
4.236,900
4.237,900
4.238,900
4.239,900
4.24,900
4.241,900
4.242,900
4.243,900
4.244,900
4.245,900
4.246,900
4.247,900
4.248,900
4.249,900
4.25,900
4.251,900
4.252,900
4.253,900
4.254,900
4.255,900
4.256,900
4.257,900
4.258,900
4.259,900
4.26,900
4.261,900
4.262,900
4.263,900
4.264,900
4.265,900
4.266,900
4.267,900
4.268,900
4.269,900
4.27,900
4.271,900
4.272,900
4.273,900
4.274,900
4.275,900
4.276,900
4.277,900
4.278,900
4.279,900
4.28,900
4.281,900
4.282,900
4.283,900
4.284,900
4.285,900
4.286,900
4.287,900
4.288,900
4.289,900
4.29,900
4.291,900
4.292,900
4.293,900
4.294,900
4.295,900
4.296,900
4.297,900
4.298,900
4.299,900
4.3,900
4.301,900
4.302,900
4.303,900
4.304,900
4.305,900
4.306,900
4.307,900
4.308,900
4.309,900
4.31,900
4.311,900
4.312,900
4.313,900
4.314,900
4.315,900
4.316,900
4.317,900
4.318,900
4.319,900
4.32,900
4.321,900
4.322,900
4.323,900
4.324,900
4.325,900
4.326,900
4.327,900
4.328,900
4.329,900
4.33,900
4.331,900
4.332,900
4.333,900
4.334,900
4.335,900
4.336,900
4.337,900
4.338,900
4.339,900
4.34,900
4.341,900
4.342,900
4.343,900
4.344,900
4.345,900
4.346,900
4.347,900
4.348,900
4.349,900
4.35,900
4.351,900
4.352,900
4.353,900
4.354,900
4.355,900
4.356,900
4.357,900
4.358,900
4.359,900
4.36,900
4.361,900
4.362,900
4.363,900
4.364,900
4.365,900
4.366,900
4.367,900
4.368,900
4.369,900
4.37,900
4.371,900
4.372,900
4.373,900
4.374,900
4.375,900
4.376,900
4.377,900
4.378,900
4.379,900
4.38,900
4.381,900
4.382,900
4.383,900
4.384,900
4.385,900
4.386,900
4.387,900
4.388,900
4.389,900
4.39,900
4.391,900
4.392,900
4.393,900
4.394,900
4.395,900
4.396,900
4.397,900
4.398,900
4.399,900
4.4,900
4.401,900
4.402,900
4.403,900
4.404,900
4.405,900
4.406,900
4.407,900
4.408,900
4.409,900
4.41,900
4.411,900
4.412,900
4.413,900
4.414,900
4.415,900
4.416,900
4.417,900
4.418,900
4.419,900
4.42,900
4.421,900
4.422,900
4.423,900
4.424,900
4.425,900
4.426,900
4.427,900
4.428,900
4.429,900
4.43,900
4.431,900
4.432,900
4.433,900
4.434,900
4.435,900
4.436,900
4.437,900
4.438,900
4.439,900
4.44,900
4.441,900
4.442,900
4.443,900
4.444,900
4.445,900
4.446,900
4.447,900
4.448,900
4.449,900
4.45,900
4.451,900
4.452,900
4.453,900
4.454,900
4.455,900
4.456,900
4.457,900
4.458,900
4.459,900
4.46,900
4.461,900
4.462,900
4.463,900
4.464,900
4.465,900
4.466,900
4.467,900
4.468,900
4.469,900
4.47,900
4.471,900
4.472,900
4.473,900
4.474,900
4.475,900
4.476,900
4.477,900
4.478,900
4.479,900
4.48,900
4.481,900
4.482,900
4.483,900
4.484,900
4.485,900
4.486,900
4.487,900
4.488,900
4.489,900
4.49,900
4.491,900
4.492,900
4.493,900
4.494,900
4.495,900
4.496,900
4.497,900
4.498,900
4.499,900
4.5,900
4.501,900
4.502,900
4.503,900
4.504,900
4.505,900
4.506,900
4.507,900
4.508,900
4.509,900
4.51,900
4.511,900
4.512,900
4.513,900
4.514,900
4.515,900
4.516,900
4.517,900
4.518,900
4.519,900
4.52,900
4.521,900
4.522,900
4.523,900
4.524,900
4.525,900
4.526,900
4.527,900
4.528,900
4.529,900
4.53,900
4.531,900
4.532,900
4.533,900
4.534,900
4.535,900
4.536,900
4.537,900
4.538,900
4.539,900
4.54,900
4.541,900
4.542,900
4.543,900
4.544,900
4.545,900
4.546,900
4.547,900
4.548,900
4.549,900
4.55,900
4.551,900
4.552,900
4.553,900
4.554,900
4.555,900
4.556,900
4.557,900
4.558,900
4.559,900
4.56,900
4.561,900
4.562,900
4.563,900
4.564,900
4.565,900
4.566,900
4.567,900
4.568,900
4.569,900
4.57,900
4.571,900
4.572,900
4.573,900
4.574,900
4.575,900
4.576,900
4.577,900
4.578,900
4.579,900
4.58,900
4.581,900
4.582,900
4.583,900
4.584,900
4.585,900
4.586,900
4.587,900
4.588,900
4.589,900
4.59,900
4.591,900
4.592,900
4.593,900
4.594,900
4.595,900
4.596,900
4.597,900
4.598,900
4.599,900
4.6,900
4.601,900
4.602,900
4.603,900
4.604,900
4.605,900
4.606,900
4.607,900
4.608,900
4.609,900
4.61,900
4.611,900
4.612,900
4.613,900
4.614,900
4.615,900
4.616,900
4.617,900
4.618,900
4.619,900
4.62,900
4.621,900
4.622,900
4.623,900
4.624,900
4.625,900
4.626,900
4.627,900
4.628,900
4.629,900
4.63,900
4.631,900
4.632,900
4.633,900
4.634,900
4.635,900
4.636,900
4.637,900
4.638,900
4.639,900
4.64,900
4.641,900
4.642,900
4.643,900
4.644,900
4.645,900
4.646,900
4.647,900
4.648,900
4.649,900
4.65,900
4.651,900
4.652,900
4.653,900
4.654,900
4.655,900
4.656,900
4.657,900
4.658,900
4.659,900
4.66,900
4.661,900
4.662,900
4.663,900
4.664,900
4.665,900
4.666,900
4.667,900
4.668,900
4.669,900
4.67,900
4.671,900
4.672,900
4.673,900
4.674,900
4.675,900
4.676,900
4.677,900
4.678,900
4.679,900
4.68,900
4.681,900
4.682,900
4.683,900
4.684,900
4.685,900
4.686,900
4.687,900
4.688,900
4.689,900
4.69,900
4.691,900
4.692,900
4.693,900
4.694,900
4.695,900
4.696,900
4.697,900
4.698,900
4.699,900
4.7,900
4.701,900
4.702,900
4.703,900
4.704,900
4.705,900
4.706,900
4.707,900
4.708,900
4.709,900
4.71,900
4.711,900
4.712,900
4.713,900
4.714,900
4.715,900
4.716,900
4.717,900
4.718,900
4.719,900
4.72,900
4.721,900
4.722,900
4.723,900
4.724,900
4.725,900
4.726,900
4.727,900
4.728,900
4.729,900
4.73,900
4.731,900
4.732,900
4.733,900
4.734,900
4.735,900
4.736,900
4.737,900
4.738,900
4.739,900
4.74,900
4.741,900
4.742,900
4.743,900
4.744,900
4.745,900
4.746,900
4.747,900
4.748,900
4.749,900
4.75,900
4.751,900
4.752,900
4.753,900
4.754,900
4.755,900
4.756,900
4.757,900
4.758,900
4.759,900
4.76,900
4.761,900
4.762,900
4.763,900
4.764,900
4.765,900
4.766,900
4.767,900
4.768,900
4.769,900
4.77,900
4.771,900
4.772,900
4.773,900
4.774,900
4.775,900
4.776,900
4.777,900
4.778,900
4.779,900
4.78,900
4.781,900
4.782,900
4.783,900
4.784,900
4.785,900
4.786,900
4.787,900
4.788,900
4.789,900
4.79,900
4.791,900
4.792,900
4.793,900
4.794,900
4.795,900
4.796,900
4.797,900
4.798,900
4.799,900
4.8,900
4.801,900
4.802,900
4.803,900
4.804,900
4.805,900
4.806,900
4.807,900
4.808,900
4.809,900
4.81,900
4.811,900
4.812,900
4.813,900
4.814,900
4.815,900
4.816,900
4.817,900
4.818,900
4.819,900
4.82,900
4.821,900
4.822,900
4.823,900
4.824,900
4.825,900
4.826,900
4.827,900
4.828,900
4.829,900
4.83,900
4.831,900
4.832,900
4.833,900
4.834,900
4.835,900
4.836,900
4.837,900
4.838,900
4.839,900
4.84,900
4.841,900
4.842,900
4.843,900
4.844,900
4.845,900
4.846,900
4.847,900
4.848,900
4.849,900
4.85,900
4.851,900
4.852,900
4.853,900
4.854,900
4.855,900
4.856,900
4.857,900
4.858,900
4.859,900
4.86,900
4.861,900
4.862,900
4.863,900
4.864,900
4.865,900
4.866,900
4.867,900
4.868,900
4.869,900
4.87,900
4.871,900
4.872,900
4.873,900
4.874,900
4.875,900
4.876,900
4.877,900
4.878,900
4.879,900
4.88,900
4.881,900
4.882,900
4.883,900
4.884,900
4.885,900
4.886,900
4.887,900
4.888,900
4.889,900
4.89,900
4.891,900
4.892,900
4.893,900
4.894,900
4.895,900
4.896,900
4.897,900
4.898,900
4.899,900
4.9,900
4.901,900
4.902,900
4.903,900
4.904,900
4.905,900
4.906,900
4.907,900
4.908,900
4.909,900
4.91,900
4.911,900
4.912,900
4.913,900
4.914,900
4.915,900
4.916,900
4.917,900
4.918,900
4.919,900
4.92,900
4.921,900
4.922,900
4.923,900
4.924,900
4.925,900
4.926,900
4.927,900
4.928,900
4.929,900
4.93,900
4.931,900
4.932,900
4.933,900
4.934,900
4.935,900
4.936,900
4.937,900
4.938,900
4.939,900
4.94,900
4.941,900
4.942,900
4.943,900
4.944,900
4.945,900
4.946,900
4.947,900
4.948,900
4.949,900
4.95,900
4.951,900
4.952,900
4.953,900
4.954,900
4.955,900
4.956,900
4.957,900
4.958,900
4.959,900
4.96,900
4.961,900
4.962,900
4.963,900
4.964,900
4.965,900
4.966,900
4.967,900
4.968,900
4.969,900
4.97,900
4.971,900
4.972,900
4.973,900
4.974,900
4.975,900
4.976,900
4.977,900
4.978,900
4.979,900
4.98,900
4.981,900
4.982,900
4.983,900
4.984,900
4.985,900
4.986,900
4.987,900
4.988,900
4.989,900
4.99,900
4.991,900
4.992,900
4.993,900
4.994,900
4.995,900
4.996,900
4.997,900
4.998,900
4.999,900
5,900
5.001,900
5.002,900
5.003,900
5.004,900
5.005,900
5.006,900
5.007,900
5.008,900
5.009,900
5.01,900
5.011,900
5.012,900
5.013,900
5.014,900
5.015,900
5.016,900
5.017,900
5.018,900
5.019,900
5.02,900
5.021,900
5.022,900
5.023,900
5.024,900
5.025,900
5.026,900
5.027,900
5.028,900
5.029,900
5.03,900
5.031,900
5.032,900
5.033,900
5.034,900
5.035,900
5.036,900
5.037,900
5.038,900
5.039,900
5.04,900
5.041,900
5.042,900
5.043,900
5.044,900
5.045,900
5.046,900
5.047,900
5.048,900
5.049,900
5.05,900
5.051,900
5.052,900
5.053,900
5.054,900
5.055,900
5.056,900
5.057,900
5.058,900
5.059,900
5.06,900
5.061,900
5.062,900
5.063,900
5.064,900
5.065,900
5.066,900
5.067,900
5.068,900
5.069,900
5.07,900
5.071,900
5.072,900
5.073,900
5.074,900
5.075,900
5.076,900
5.077,900
5.078,900
5.079,900
5.08,900
5.081,900
5.082,900
5.083,900
5.084,900
5.085,900
5.086,900
5.087,900
5.088,900
5.089,900
5.09,900
5.091,900
5.092,900
5.093,900
5.094,900
5.095,900
5.096,900
5.097,900
5.098,900
5.099,900
5.1,900
5.101,900
5.102,900
5.103,900
5.104,900
5.105,900
5.106,900
5.107,900
5.108,900
5.109,900
5.11,900
5.111,900
5.112,900
5.113,900
5.114,900
5.115,900
5.116,900
5.117,900
5.118,900
5.119,900
5.12,900
5.121,900
5.122,900
5.123,900
5.124,900
5.125,900
5.126,900
5.127,900
5.128,900
5.129,900
5.13,900
5.131,900
5.132,900
5.133,900
5.134,900
5.135,900
5.136,900
5.137,900
5.138,900
5.139,900
5.14,900
5.141,900
5.142,900
5.143,900
5.144,900
5.145,900
5.146,900
5.147,900
5.148,900
5.149,900
5.15,900
5.151,900
5.152,900
5.153,900
5.154,900
5.155,900
5.156,900
5.157,900
5.158,900
5.159,900
5.16,900
5.161,900
5.162,900
5.163,900
5.164,900
5.165,900
5.166,900
5.167,900
5.168,900
5.169,900
5.17,900
5.171,900
5.172,900
5.173,900
5.174,900
5.175,900
5.176,900
5.177,900
5.178,900
5.179,900
5.18,900
5.181,900
5.182,900
5.183,900
5.184,900
5.185,900
5.186,900
5.187,900
5.188,900
5.189,900
5.19,900
5.191,900
5.192,900
5.193,900
5.194,900
5.195,900
5.196,900
5.197,900
5.198,900
5.199,900
5.2,900
5.201,900
5.202,900
5.203,900
5.204,900
5.205,900
5.206,900
5.207,900
5.208,900
5.209,900
5.21,900
5.211,900
5.212,900
5.213,900
5.214,900
5.215,900
5.216,900
5.217,900
5.218,900
5.219,900
5.22,900
5.221,900
5.222,900
5.223,900
5.224,900
5.225,900
5.226,900
5.227,900
5.228,900
5.229,900
5.23,900
5.231,900
5.232,900
5.233,900
5.234,900
5.235,900
5.236,900
5.237,900
5.238,900
5.239,900
5.24,900
5.241,900
5.242,900
5.243,900
5.244,900
5.245,900
5.246,900
5.247,900
5.248,900
5.249,900
5.25,900
5.251,900
5.252,900
5.253,900
5.254,900
5.255,900
5.256,900
5.257,900
5.258,900
5.259,900
5.26,900
5.261,900
5.262,900
5.263,900
5.264,900
5.265,900
5.266,900
5.267,900
5.268,900
5.269,900
5.27,900
5.271,900
5.272,900
5.273,900
5.274,900
5.275,900
5.276,900
5.277,900
5.278,900
5.279,900
5.28,900
5.281,900
5.282,900
5.283,900
5.284,900
5.285,900
5.286,900
5.287,900
5.288,900
5.289,900
5.29,900
5.291,900
5.292,900
5.293,900
5.294,900
5.295,900
5.296,900
5.297,900
5.298,900
5.299,900
5.3,900
5.301,900
5.302,900
5.303,900
5.304,900
5.305,900
5.306,900
5.307,900
5.308,900
5.309,900
5.31,900
5.311,900
5.312,900
5.313,900
5.314,900
5.315,900
5.316,900
5.317,900
5.318,900
5.319,900
5.32,900
5.321,900
5.322,900
5.323,900
5.324,900
5.325,900
5.326,900
5.327,900
5.328,900
5.329,900
5.33,900
5.331,900
5.332,900
5.333,900
5.334,900
5.335,900
5.336,900
5.337,900
5.338,900
5.339,900
5.34,900
5.341,900
5.342,900
5.343,900
5.344,900
5.345,900
5.346,900
5.347,900
5.348,900
5.349,900
5.35,900
5.351,900
5.352,900
5.353,900
5.354,900
5.355,900
5.356,900
5.357,900
5.358,900
5.359,900
5.36,900
5.361,900
5.362,900
5.363,900
5.364,900
5.365,900
5.366,900
5.367,900
5.368,900
5.369,900
5.37,900
5.371,900
5.372,900
5.373,900
5.374,900
5.375,900
5.376,900
5.377,900
5.378,900
5.379,900
5.38,900
5.381,900
5.382,900
5.383,900
5.384,900
5.385,900
5.386,900
5.387,900
5.388,900
5.389,900
5.39,900
5.391,900
5.392,900
5.393,900
5.394,900
5.395,900
5.396,900
5.397,900
5.398,900
5.399,900
5.4,900
5.401,900
5.402,900
5.403,900
5.404,900
5.405,900
5.406,900
5.407,900
5.408,900
5.409,900
5.41,900
5.411,900
5.412,900
5.413,900
5.414,900
5.415,900
5.416,900
5.417,900
5.418,900
5.419,900
5.42,900
5.421,900
5.422,900
5.423,900
5.424,900
5.425,900
5.426,900
5.427,900
5.428,900
5.429,900
5.43,900
5.431,900
5.432,900
5.433,900
5.434,900
5.435,900
5.436,900
5.437,900
5.438,900
5.439,900
5.44,900
5.441,900
5.442,900
5.443,900
5.444,900
5.445,900
5.446,900
5.447,900
5.448,900
5.449,900
5.45,900
5.451,900
5.452,900
5.453,900
5.454,900
5.455,900
5.456,900
5.457,900
5.458,900
5.459,900
5.46,900
5.461,900
5.462,900
5.463,900
5.464,900
5.465,900
5.466,900
5.467,900
5.468,900
5.469,900
5.47,900
5.471,900
5.472,900
5.473,900
5.474,900
5.475,900
5.476,900
5.477,900
5.478,900
5.479,900
5.48,900
5.481,900
5.482,900
5.483,900
5.484,900
5.485,900
5.486,900
5.487,900
5.488,900
5.489,900
5.49,900
5.491,900
5.492,900
5.493,900
5.494,900
5.495,900
5.496,900
5.497,900
5.498,900
5.499,900
5.5,900
5.501,900
5.502,900
5.503,900
5.504,900
5.505,900
5.506,900
5.507,900
5.508,900
5.509,900
5.51,900
5.511,900
5.512,900
5.513,900
5.514,900
5.515,900
5.516,900
5.517,900
5.518,900
5.519,900
5.52,900
5.521,900
5.522,900
5.523,900
5.524,900
5.525,900
5.526,900
5.527,900
5.528,900
5.529,900
5.53,900
5.531,900
5.532,900
5.533,900
5.534,900
5.535,900
5.536,900
5.537,900
5.538,900
5.539,900
5.54,900
5.541,900
5.542,900
5.543,900
5.544,900
5.545,900
5.546,900
5.547,900
5.548,900
5.549,900
5.55,900
5.551,900
5.552,900
5.553,900
5.554,900
5.555,900
5.556,900
5.557,900
5.558,900
5.559,900
5.56,900
5.561,900
5.562,900
5.563,900
5.564,900
5.565,900
5.566,900
5.567,900
5.568,900
5.569,900
5.57,900
5.571,900
5.572,900
5.573,900
5.574,900
5.575,900
5.576,900
5.577,900
5.578,900
5.579,900
5.58,900
5.581,900
5.582,900
5.583,900
5.584,900
5.585,900
5.586,900
5.587,900
5.588,900
5.589,900
5.59,900
5.591,900
5.592,900
5.593,900
5.594,900
5.595,900
5.596,900
5.597,900
5.598,900
5.599,900
5.6,900
5.601,900
5.602,900
5.603,900
5.604,900
5.605,900
5.606,900
5.607,900
5.608,900
5.609,900
5.61,900
5.611,900
5.612,900
5.613,900
5.614,900
5.615,900
5.616,900
5.617,900
5.618,900
5.619,900
5.62,900
5.621,900
5.622,900
5.623,900
5.624,900
5.625,900
5.626,900
5.627,900
5.628,900
5.629,900
5.63,900
5.631,900
5.632,900
5.633,900
5.634,900
5.635,900
5.636,900
5.637,900
5.638,900
5.639,900
5.64,900
5.641,900
5.642,900
5.643,900
5.644,900
5.645,900
5.646,900
5.647,900
5.648,900
5.649,900
5.65,900
5.651,900
5.652,900
5.653,900
5.654,900
5.655,900
5.656,900
5.657,900
5.658,900
5.659,900
5.66,900
5.661,900
5.662,900
5.663,900
5.664,900
5.665,900
5.666,900
5.667,900
5.668,900
5.669,900
5.67,900
5.671,900
5.672,900
5.673,900
5.674,900
5.675,900
5.676,900
5.677,900
5.678,900
5.679,900
5.68,900
5.681,900
5.682,900
5.683,900
5.684,900
5.685,900
5.686,900
5.687,900
5.688,900
5.689,900
5.69,900
5.691,900
5.692,900
5.693,900
5.694,900
5.695,900
5.696,900
5.697,900
5.698,900
5.699,900
5.7,900
5.701,900
5.702,900
5.703,900
5.704,900
5.705,900
5.706,900
5.707,900
5.708,900
5.709,900
5.71,900
5.711,900
5.712,900
5.713,900
5.714,900
5.715,900
5.716,900
5.717,900
5.718,900
5.719,900
5.72,900
5.721,900
5.722,900
5.723,900
5.724,900
5.725,900
5.726,900
5.727,900
5.728,900
5.729,900
5.73,900
5.731,900
5.732,900
5.733,900
5.734,900
5.735,900
5.736,900
5.737,900
5.738,900
5.739,900
5.74,900
5.741,900
5.742,900
5.743,900
5.744,900
5.745,900
5.746,900
5.747,900
5.748,900
5.749,900
5.75,900
5.751,900
5.752,900
5.753,900
5.754,900
5.755,900
5.756,900
5.757,900
5.758,900
5.759,900
5.76,900
5.761,900
5.762,900
5.763,900
5.764,900
5.765,900
5.766,900
5.767,900
5.768,900
5.769,900
5.77,900
5.771,900
5.772,900
5.773,900
5.774,900
5.775,900
5.776,900
5.777,900
5.778,900
5.779,900
5.78,900
5.781,900
5.782,900
5.783,900
5.784,900
5.785,900
5.786,900
5.787,900
5.788,900
5.789,900
5.79,900
5.791,900
5.792,900
5.793,900
5.794,900
5.795,900
5.796,900
5.797,900
5.798,900
5.799,900
5.8,900
5.801,900
5.802,900
5.803,900
5.804,900
5.805,900
5.806,900
5.807,900
5.808,900
5.809,900
5.81,900
5.811,900
5.812,900
5.813,900
5.814,900
5.815,900
5.816,900
5.817,900
5.818,900
5.819,900
5.82,900
5.821,900
5.822,900
5.823,900
5.824,900
5.825,900
5.826,900
5.827,900
5.828,900
5.829,900
5.83,900
5.831,900
5.832,900
5.833,900
5.834,900
5.835,900
5.836,900
5.837,900
5.838,900
5.839,900
5.84,900
5.841,900
5.842,900
5.843,900
5.844,900
5.845,900
5.846,900
5.847,900
5.848,900
5.849,900
5.85,900
5.851,900
5.852,900
5.853,900
5.854,900
5.855,900
5.856,900
5.857,900
5.858,900
5.859,900
5.86,900
5.861,900
5.862,900
5.863,900
5.864,900
5.865,900
5.866,900
5.867,900
5.868,900
5.869,900
5.87,900
5.871,900
5.872,900
5.873,900
5.874,900
5.875,900
5.876,900
5.877,900
5.878,900
5.879,900
5.88,900
5.881,900
5.882,900
5.883,900
5.884,900
5.885,900
5.886,900
5.887,900
5.888,900
5.889,900
5.89,900
5.891,900
5.892,900
5.893,900
5.894,900
5.895,900
5.896,900
5.897,900
5.898,900
5.899,900
5.9,900
5.901,900
5.902,900
5.903,900
5.904,900
5.905,900
5.906,900
5.907,900
5.908,900
5.909,900
5.91,900
5.911,900
5.912,900
5.913,900
5.914,900
5.915,900
5.916,900
5.917,900
5.918,900
5.919,900
5.92,900
5.921,900
5.922,900
5.923,900
5.924,900
5.925,900
5.926,900
5.927,900
5.928,900
5.929,900
5.93,900
5.931,900
5.932,900
5.933,900
5.934,900
5.935,900
5.936,900
5.937,900
5.938,900
5.939,900
5.94,900
5.941,900
5.942,900
5.943,900
5.944,900
5.945,900
5.946,900
5.947,900
5.948,900
5.949,900
5.95,900
5.951,900
5.952,900
5.953,900
5.954,900
5.955,900
5.956,900
5.957,900
5.958,900
5.959,900
5.96,900
5.961,900
5.962,900
5.963,900
5.964,900
5.965,900
5.966,900
5.967,900
5.968,900
5.969,900
5.97,900
5.971,900
5.972,900
5.973,900
5.974,900
5.975,900
5.976,900
5.977,900
5.978,900
5.979,900
5.98,900
5.981,900
5.982,900
5.983,900
5.984,900
5.985,900
5.986,900
5.987,900
5.988,900
5.989,900
5.99,900
5.991,900
5.992,900
5.993,900
5.994,900
5.995,900
5.996,900
5.997,900
5.998,900
5.999,900
6,900
6.001,900
6.002,900
6.003,900
6.004,900
6.005,900
6.006,900
6.007,900
6.008,900
6.009,900
6.01,900
6.011,900
6.012,900
6.013,900
6.014,900
6.015,900
6.016,900
6.017,900
6.018,900
6.019,900
6.02,900
6.021,900
6.022,900
6.023,900
6.024,900
6.025,900
6.026,900
6.027,900
6.028,900
6.029,900
6.03,900
6.031,900
6.032,900
6.033,900
6.034,900
6.035,900
6.036,900
6.037,900
6.038,900
6.039,900
6.04,900
6.041,900
6.042,900
6.043,900
6.044,900
6.045,900
6.046,900
6.047,900
6.048,900
6.049,900
6.05,900
6.051,900
6.052,900
6.053,900
6.054,900
6.055,900
6.056,900
6.057,900
6.058,900
6.059,900
6.06,900
6.061,900
6.062,900
6.063,900
6.064,900
6.065,900
6.066,900
6.067,900
6.068,900
6.069,900
6.07,900
6.071,900
6.072,900
6.073,900
6.074,900
6.075,900
6.076,900
6.077,900
6.078,900
6.079,900
6.08,900
6.081,900
6.082,900
6.083,900
6.084,900
6.085,900
6.086,900
6.087,900
6.088,900
6.089,900
6.09,900
6.091,900
6.092,900
6.093,900
6.094,900
6.095,900
6.096,900
6.097,900
6.098,900
6.099,900
6.1,900
6.101,900
6.102,900
6.103,900
6.104,900
6.105,900
6.106,900
6.107,900
6.108,900
6.109,900
6.11,900
6.111,900
6.112,900
6.113,900
6.114,900
6.115,900
6.116,900
6.117,900
6.118,900
6.119,900
6.12,900
6.121,900
6.122,900
6.123,900
6.124,900
6.125,900
6.126,900
6.127,900
6.128,900
6.129,900
6.13,900
6.131,900
6.132,900
6.133,900
6.134,900
6.135,900
6.136,900
6.137,900
6.138,900
6.139,900
6.14,900
6.141,900
6.142,900
6.143,900
6.144,900
6.145,900
6.146,900
6.147,900
6.148,900
6.149,900
6.15,900
6.151,900
6.152,900
6.153,900
6.154,900
6.155,900
6.156,900
6.157,900
6.158,900
6.159,900
6.16,900
6.161,900
6.162,900
6.163,900
6.164,900
6.165,900
6.166,900
6.167,900
6.168,900
6.169,900
6.17,900
6.171,900
6.172,900
6.173,900
6.174,900
6.175,900
6.176,900
6.177,900
6.178,900
6.179,900
6.18,900
6.181,900
6.182,900
6.183,900
6.184,900
6.185,900
6.186,900
6.187,900
6.188,900
6.189,900
6.19,900
6.191,900
6.192,900
6.193,900
6.194,900
6.195,900
6.196,900
6.197,900
6.198,900
6.199,900
6.2,900
6.201,900
6.202,900
6.203,900
6.204,900
6.205,900
6.206,900
6.207,900
6.208,900
6.209,900
6.21,900
6.211,900
6.212,900
6.213,900
6.214,900
6.215,900
6.216,900
6.217,900
6.218,900
6.219,900
6.22,900
6.221,900
6.222,900
6.223,900
6.224,900
6.225,900
6.226,900
6.227,900
6.228,900
6.229,900
6.23,900
6.231,900
6.232,900
6.233,900
6.234,900
6.235,900
6.236,900
6.237,900
6.238,900
6.239,900
6.24,900
6.241,900
6.242,900
6.243,900
6.244,900
6.245,900
6.246,900
6.247,900
6.248,900
6.249,900
6.25,900
6.251,900
6.252,900
6.253,900
6.254,900
6.255,900
6.256,900
6.257,900
6.258,900
6.259,900
6.26,900
6.261,900
6.262,900
6.263,900
6.264,900
6.265,900
6.266,900
6.267,900
6.268,900
6.269,900
6.27,900
6.271,900
6.272,900
6.273,900
6.274,900
6.275,900
6.276,900
6.277,900
6.278,900
6.279,900
6.28,900
6.281,900
6.282,900
6.283,900
6.284,900
6.285,900
6.286,900
6.287,900
6.288,900
6.289,900
6.29,900
6.291,900
6.292,900
6.293,900
6.294,900
6.295,900
6.296,900
6.297,900
6.298,900
6.299,900
6.3,900
6.301,900
6.302,900
6.303,900
6.304,900
6.305,900
6.306,900
6.307,900
6.308,900
6.309,900
6.31,900
6.311,900
6.312,900
6.313,900
6.314,900
6.315,900
6.316,900
6.317,900
6.318,900
6.319,900
6.32,900
6.321,900
6.322,900
6.323,900
6.324,900
6.325,900
6.326,900
6.327,900
6.328,900
6.329,900
6.33,900
6.331,900
6.332,900
6.333,900
6.334,900
6.335,900
6.336,900
6.337,900
6.338,900
6.339,900
6.34,900
6.341,900
6.342,900
6.343,900
6.344,900
6.345,900
6.346,900
6.347,900
6.348,900
6.349,900
6.35,900
6.351,900
6.352,900
6.353,900
6.354,900
6.355,900
6.356,900
6.357,900
6.358,900
6.359,900
6.36,900
6.361,900
6.362,900
6.363,900
6.364,900
6.365,900
6.366,900
6.367,900
6.368,900
6.369,900
6.37,900
6.371,900
6.372,900
6.373,900
6.374,900
6.375,900
6.376,900
6.377,900
6.378,900
6.379,900
6.38,900
6.381,900
6.382,900
6.383,900
6.384,900
6.385,900
6.386,900
6.387,900
6.388,900
6.389,900
6.39,900
6.391,900
6.392,900
6.393,900
6.394,900
6.395,900
6.396,900
6.397,900
6.398,900
6.399,900
6.4,900
6.401,900
6.402,900
6.403,900
6.404,900
6.405,900
6.406,900
6.407,900
6.408,900
6.409,900
6.41,900
6.411,900
6.412,900
6.413,900
6.414,900
6.415,900
6.416,900
6.417,900
6.418,900
6.419,900
6.42,900
6.421,900
6.422,900
6.423,900
6.424,900
6.425,900
6.426,900
6.427,900
6.428,900
6.429,900
6.43,900
6.431,900
6.432,900
6.433,900
6.434,900
6.435,900
6.436,900
6.437,900
6.438,900
6.439,900
6.44,900
6.441,900
6.442,900
6.443,900
6.444,900
6.445,900
6.446,900
6.447,900
6.448,900
6.449,900
6.45,900
6.451,900
6.452,900
6.453,900
6.454,900
6.455,900
6.456,900
6.457,900
6.458,900
6.459,900
6.46,900
6.461,900
6.462,900
6.463,900
6.464,900
6.465,900
6.466,900
6.467,900
6.468,900
6.469,900
6.47,900
6.471,900
6.472,900
6.473,900
6.474,900
6.475,900
6.476,900
6.477,900
6.478,900
6.479,900
6.48,900
6.481,900
6.482,900
6.483,900
6.484,900
6.485,900
6.486,900
6.487,900
6.488,900
6.489,900
6.49,900
6.491,900
6.492,900
6.493,900
6.494,900
6.495,900
6.496,900
6.497,900
6.498,900
6.499,900
6.5,900
6.501,900
6.502,900
6.503,900
6.504,900
6.505,900
6.506,900
6.507,900
6.508,900
6.509,900
6.51,900
6.511,900
6.512,900
6.513,900
6.514,900
6.515,900
6.516,900
6.517,900
6.518,900
6.519,900
6.52,900
6.521,900
6.522,900
6.523,900
6.524,900
6.525,900
6.526,900
6.527,900
6.528,900
6.529,900
6.53,900
6.531,900
6.532,900
6.533,900
6.534,900
6.535,900
6.536,900
6.537,900
6.538,900
6.539,900
6.54,900
6.541,900
6.542,900
6.543,900
6.544,900
6.545,900
6.546,900
6.547,900
6.548,900
6.549,900
6.55,900
6.551,900
6.552,900
6.553,900
6.554,900
6.555,900
6.556,900
6.557,900
6.558,900
6.559,900
6.56,900
6.561,900
6.562,900
6.563,900
6.564,900
6.565,900
6.566,900
6.567,900
6.568,900
6.569,900
6.57,900
6.571,900
6.572,900
6.573,900
6.574,900
6.575,900
6.576,900
6.577,900
6.578,900
6.579,900
6.58,900
6.581,900
6.582,900
6.583,900
6.584,900
6.585,900
6.586,900
6.587,900
6.588,900
6.589,900
6.59,900
6.591,900
6.592,900
6.593,900
6.594,900
6.595,900
6.596,900
6.597,900
6.598,900
6.599,900
6.6,900
6.601,900
6.602,900
6.603,900
6.604,900
6.605,900
6.606,900
6.607,900
6.608,900
6.609,900
6.61,900
6.611,900
6.612,900
6.613,900
6.614,900
6.615,900
6.616,900
6.617,900
6.618,900
6.619,900
6.62,900
6.621,900
6.622,900
6.623,900
6.624,900
6.625,900
6.626,900
6.627,900
6.628,900
6.629,900
6.63,900
6.631,900
6.632,900
6.633,900
6.634,900
6.635,900
6.636,900
6.637,900
6.638,900
6.639,900
6.64,900
6.641,900
6.642,900
6.643,900
6.644,900
6.645,900
6.646,900
6.647,900
6.648,900
6.649,900
6.65,900
6.651,900
6.652,900
6.653,900
6.654,900
6.655,900
6.656,900
6.657,900
6.658,900
6.659,900
6.66,900
6.661,900
6.662,900
6.663,900
6.664,900
6.665,900
6.666,900
6.667,900
6.668,900
6.669,900
6.67,900
6.671,900
6.672,900
6.673,900
6.674,900
6.675,900
6.676,900
6.677,900
6.678,900
6.679,900
6.68,900
6.681,900
6.682,900
6.683,900
6.684,900
6.685,900
6.686,900
6.687,900
6.688,900
6.689,900
6.69,900
6.691,900
6.692,900
6.693,900
6.694,900
6.695,900
6.696,900
6.697,900
6.698,900
6.699,900
6.7,900
6.701,900
6.702,900
6.703,900
6.704,900
6.705,900
6.706,900
6.707,900
6.708,900
6.709,900
6.71,900
6.711,900
6.712,900
6.713,900
6.714,900
6.715,900
6.716,900
6.717,900
6.718,900
6.719,900
6.72,900
6.721,900
6.722,900
6.723,900
6.724,900
6.725,900
6.726,900
6.727,900
6.728,900
6.729,900
6.73,900
6.731,900
6.732,900
6.733,900
6.734,900
6.735,900
6.736,900
6.737,900
6.738,900
6.739,900
6.74,900
6.741,900
6.742,900
6.743,900
6.744,900
6.745,900
6.746,900
6.747,900
6.748,900
6.749,900
6.75,900
6.751,900
6.752,900
6.753,900
6.754,900
6.755,900
6.756,900
6.757,900
6.758,900
6.759,900
6.76,900
6.761,900
6.762,900
6.763,900
6.764,900
6.765,900
6.766,900
6.767,900
6.768,900
6.769,900
6.77,900
6.771,900
6.772,900
6.773,900
6.774,900
6.775,900
6.776,900
6.777,900
6.778,900
6.779,900
6.78,900
6.781,900
6.782,900
6.783,900
6.784,900
6.785,900
6.786,900
6.787,900
6.788,900
6.789,900
6.79,900
6.791,900
6.792,900
6.793,900
6.794,900
6.795,900
6.796,900
6.797,900
6.798,900
6.799,900
6.8,900
6.801,900
6.802,900
6.803,900
6.804,900
6.805,900
6.806,900
6.807,900
6.808,900
6.809,900
6.81,900
6.811,900
6.812,900
6.813,900
6.814,900
6.815,900
6.816,900
6.817,900
6.818,900
6.819,900
6.82,900
6.821,900
6.822,900
6.823,900
6.824,900
6.825,900
6.826,900
6.827,900
6.828,900
6.829,900
6.83,900
6.831,900
6.832,900
6.833,900
6.834,900
6.835,900
6.836,900
6.837,900
6.838,900
6.839,900
6.84,900
6.841,900
6.842,900
6.843,900
6.844,900
6.845,900
6.846,900
6.847,900
6.848,900
6.849,900
6.85,900
6.851,900
6.852,900
6.853,900
6.854,900
6.855,900
6.856,900
6.857,900
6.858,900
6.859,900
6.86,900
6.861,900
6.862,900
6.863,900
6.864,900
6.865,900
6.866,900
6.867,900
6.868,900
6.869,900
6.87,900
6.871,900
6.872,900
6.873,900
6.874,900
6.875,900
6.876,900
6.877,900
6.878,900
6.879,900
6.88,900
6.881,900
6.882,900
6.883,900
6.884,900
6.885,900
6.886,900
6.887,900
6.888,900
6.889,900
6.89,900
6.891,900
6.892,900
6.893,900
6.894,900
6.895,900
6.896,900
6.897,900
6.898,900
6.899,900
6.9,900
6.901,900
6.902,900
6.903,900
6.904,900
6.905,900
6.906,900
6.907,900
6.908,900
6.909,900
6.91,900
6.911,900
6.912,900
6.913,900
6.914,900
6.915,900
6.916,900
6.917,900
6.918,900
6.919,900
6.92,900
6.921,900
6.922,900
6.923,900
6.924,900
6.925,900
6.926,900
6.927,900
6.928,900
6.929,900
6.93,900
6.931,900
6.932,900
6.933,900
6.934,900
6.935,900
6.936,900
6.937,900
6.938,900
6.939,900
6.94,900
6.941,900
6.942,900
6.943,900
6.944,900
6.945,900
6.946,900
6.947,900
6.948,900
6.949,900
6.95,900
6.951,900
6.952,900
6.953,900
6.954,900
6.955,900
6.956,900
6.957,900
6.958,900
6.959,900
6.96,900
6.961,900
6.962,900
6.963,900
6.964,900
6.965,900
6.966,900
6.967,900
6.968,900
6.969,900
6.97,900
6.971,900
6.972,900
6.973,900
6.974,900
6.975,900
6.976,900
6.977,900
6.978,900
6.979,900
6.98,900
6.981,900
6.982,900
6.983,900
6.984,900
6.985,900
6.986,900
6.987,900
6.988,900
6.989,900
6.99,900
6.991,900
6.992,900
6.993,900
6.994,900
6.995,900
6.996,900
6.997,900
6.998,900
6.999,900
7,900
7.001,900
7.002,900
7.003,900
7.004,900
7.005,900
7.006,900
7.007,900
7.008,900
7.009,900
7.01,900
7.011,900
7.012,900
7.013,900
7.014,900
7.015,900
7.016,900
7.017,900
7.018,900
7.019,900
7.02,900
7.021,900
7.022,900
7.023,900
7.024,900
7.025,900
7.026,900
7.027,900
7.028,900
7.029,900
7.03,900
7.031,900
7.032,900
7.033,900
7.034,900
7.035,900
7.036,900
7.037,900
7.038,900
7.039,900
7.04,900
7.041,900
7.042,900
7.043,900
7.044,900
7.045,900
7.046,900
7.047,900
7.048,900
7.049,900
7.05,900
7.051,900
7.052,900
7.053,900
7.054,900
7.055,900
7.056,900
7.057,900
7.058,900
7.059,900
7.06,900
7.061,900
7.062,900
7.063,900
7.064,900
7.065,900
7.066,900
7.067,900
7.068,900
7.069,900
7.07,900
7.071,900
7.072,900
7.073,900
7.074,900
7.075,900
7.076,900
7.077,900
7.078,900
7.079,900
7.08,900
7.081,900
7.082,900
7.083,900
7.084,900
7.085,900
7.086,900
7.087,900
7.088,900
7.089,900
7.09,900
7.091,900
7.092,900
7.093,900
7.094,900
7.095,900
7.096,900
7.097,900
7.098,900
7.099,900
7.1,900
7.101,900
7.102,900
7.103,900
7.104,900
7.105,900
7.106,900
7.107,900
7.108,900
7.109,900
7.11,900
7.111,900
7.112,900
7.113,900
7.114,900
7.115,900
7.116,900
7.117,900
7.118,900
7.119,900
7.12,900
7.121,900
7.122,900
7.123,900
7.124,900
7.125,900
7.126,900
7.127,900
7.128,900
7.129,900
7.13,900
7.131,900
7.132,900
7.133,900
7.134,900
7.135,900
7.136,900
7.137,900
7.138,900
7.139,900
7.14,900
7.141,900
7.142,900
7.143,900
7.144,900
7.145,900
7.146,900
7.147,900
7.148,900
7.149,900
7.15,900
7.151,900
7.152,900
7.153,900
7.154,900
7.155,900
7.156,900
7.157,900
7.158,900
7.159,900
7.16,900
7.161,900
7.162,900
7.163,900
7.164,900
7.165,900
7.166,900
7.167,900
7.168,900
7.169,900
7.17,900
7.171,900
7.172,900
7.173,900
7.174,900
7.175,900
7.176,900
7.177,900
7.178,900
7.179,900
7.18,900
7.181,900
7.182,900
7.183,900
7.184,900
7.185,900
7.186,900
7.187,900
7.188,900
7.189,900
7.19,900
7.191,900
7.192,900
7.193,900
7.194,900
7.195,900
7.196,900
7.197,900
7.198,900
7.199,900
7.2,900
7.201,900
7.202,900
7.203,900
7.204,900
7.205,900
7.206,900
7.207,900
7.208,900
7.209,900
7.21,900
7.211,900
7.212,900
7.213,900
7.214,900
7.215,900
7.216,900
7.217,900
7.218,900
7.219,900
7.22,900
7.221,900
7.222,900
7.223,900
7.224,900
7.225,900
7.226,900
7.227,900
7.228,900
7.229,900
7.23,900
7.231,900
7.232,900
7.233,900
7.234,900
7.235,900
7.236,900
7.237,900
7.238,900
7.239,900
7.24,900
7.241,900
7.242,900
7.243,900
7.244,900
7.245,900
7.246,900
7.247,900
7.248,900
7.249,900
7.25,900
7.251,900
7.252,900
7.253,900
7.254,900
7.255,900
7.256,900
7.257,900
7.258,900
7.259,900
7.26,900
7.261,900
7.262,900
7.263,900
7.264,900
7.265,900
7.266,900
7.267,900
7.268,900
7.269,900
7.27,900
7.271,900
7.272,900
7.273,900
7.274,900
7.275,900
7.276,900
7.277,900
7.278,900
7.279,900
7.28,900
7.281,900
7.282,900
7.283,900
7.284,900
7.285,900
7.286,900
7.287,900
7.288,900
7.289,900
7.29,900
7.291,900
7.292,900
7.293,900
7.294,900
7.295,900
7.296,900
7.297,900
7.298,900
7.299,900
7.3,900
7.301,900
7.302,900
7.303,900
7.304,900
7.305,900
7.306,900
7.307,900
7.308,900
7.309,900
7.31,900
7.311,900
7.312,900
7.313,900
7.314,900
7.315,900
7.316,900
7.317,900
7.318,900
7.319,900
7.32,900
7.321,900
7.322,900
7.323,900
7.324,900
7.325,900
7.326,900
7.327,900
7.328,900
7.329,900
7.33,900
7.331,900
7.332,900
7.333,900
7.334,900
7.335,900
7.336,900
7.337,900
7.338,900
7.339,900
7.34,900
7.341,900
7.342,900
7.343,900
7.344,900
7.345,900
7.346,900
7.347,900
7.348,900
7.349,900
7.35,900
7.351,900
7.352,900
7.353,900
7.354,900
7.355,900
7.356,900
7.357,900
7.358,900
7.359,900
7.36,900
7.361,900
7.362,900
7.363,900
7.364,900
7.365,900
7.366,900
7.367,900
7.368,900
7.369,900
7.37,900
7.371,900
7.372,900
7.373,900
7.374,900
7.375,900
7.376,900
7.377,900
7.378,900
7.379,900
7.38,900
7.381,900
7.382,900
7.383,900
7.384,900
7.385,900
7.386,900
7.387,900
7.388,900
7.389,900
7.39,900
7.391,900
7.392,900
7.393,900
7.394,900
7.395,900
7.396,900
7.397,900
7.398,900
7.399,900
7.4,900
7.401,900
7.402,900
7.403,900
7.404,900
7.405,900
7.406,900
7.407,900
7.408,900
7.409,900
7.41,900
7.411,900
7.412,900
7.413,900
7.414,900
7.415,900
7.416,900
7.417,900
7.418,900
7.419,900
7.42,900
7.421,900
7.422,900
7.423,900
7.424,900
7.425,900
7.426,900
7.427,900
7.428,900
7.429,900
7.43,900
7.431,900
7.432,900
7.433,900
7.434,900
7.435,900
7.436,900
7.437,900
7.438,900
7.439,900
7.44,900
7.441,900
7.442,900
7.443,900
7.444,900
7.445,900
7.446,900
7.447,900
7.448,900
7.449,900
7.45,900
7.451,900
7.452,900
7.453,900
7.454,900
7.455,900
7.456,900
7.457,900
7.458,900
7.459,900
7.46,900
7.461,900
7.462,900
7.463,900
7.464,900
7.465,900
7.466,900
7.467,900
7.468,900
7.469,900
7.47,900
7.471,900
7.472,900
7.473,900
7.474,900
7.475,900
7.476,900
7.477,900
7.478,900
7.479,900
7.48,900
7.481,900
7.482,900
7.483,900
7.484,900
7.485,900
7.486,900
7.487,900
7.488,900
7.489,900
7.49,900
7.491,900
7.492,900
7.493,900
7.494,900
7.495,900
7.496,900
7.497,900
7.498,900
7.499,900
7.5,900
7.501,900
7.502,900
7.503,900
7.504,900
7.505,900
7.506,900
7.507,900
7.508,900
7.509,900
7.51,900
7.511,900
7.512,900
7.513,900
7.514,900
7.515,900
7.516,900
7.517,900
7.518,900
7.519,900
7.52,900
7.521,900
7.522,900
7.523,900
7.524,900
7.525,900
7.526,900
7.527,900
7.528,900
7.529,900
7.53,900
7.531,900
7.532,900
7.533,900
7.534,900
7.535,900
7.536,900
7.537,900
7.538,900
7.539,900
7.54,900
7.541,900
7.542,900
7.543,900
7.544,900
7.545,900
7.546,900
7.547,900
7.548,900
7.549,900
7.55,900
7.551,900
7.552,900
7.553,900
7.554,900
7.555,900
7.556,900
7.557,900
7.558,900
7.559,900
7.56,900
7.561,900
7.562,900
7.563,900
7.564,900
7.565,900
7.566,900
7.567,900
7.568,900
7.569,900
7.57,900
7.571,900
7.572,900
7.573,900
7.574,900
7.575,900
7.576,900
7.577,900
7.578,900
7.579,900
7.58,900
7.581,900
7.582,900
7.583,900
7.584,900
7.585,900
7.586,900
7.587,900
7.588,900
7.589,900
7.59,900
7.591,900
7.592,900
7.593,900
7.594,900
7.595,900
7.596,900
7.597,900
7.598,900
7.599,900
7.6,900
7.601,900
7.602,900
7.603,900
7.604,900
7.605,900
7.606,900
7.607,900
7.608,900
7.609,900
7.61,900
7.611,900
7.612,900
7.613,900
7.614,900
7.615,900
7.616,900
7.617,900
7.618,900
7.619,900
7.62,900
7.621,900
7.622,900
7.623,900
7.624,900
7.625,900
7.626,900
7.627,900
7.628,900
7.629,900
7.63,900
7.631,900
7.632,900
7.633,900
7.634,900
7.635,900
7.636,900
7.637,900
7.638,900
7.639,900
7.64,900
7.641,900
7.642,900
7.643,900
7.644,900
7.645,900
7.646,900
7.647,900
7.648,900
7.649,900
7.65,900
7.651,900
7.652,900
7.653,900
7.654,900
7.655,900
7.656,900
7.657,900
7.658,900
7.659,900
7.66,900
7.661,900
7.662,900
7.663,900
7.664,900
7.665,900
7.666,900
7.667,900
7.668,900
7.669,900
7.67,900
7.671,900
7.672,900
7.673,900
7.674,900
7.675,900
7.676,900
7.677,900
7.678,900
7.679,900
7.68,900
7.681,900
7.682,900
7.683,900
7.684,900
7.685,900
7.686,900
7.687,900
7.688,900
7.689,900
7.69,900
7.691,900
7.692,900
7.693,900
7.694,900
7.695,900
7.696,900
7.697,900
7.698,900
7.699,900
7.7,900
7.701,900
7.702,900
7.703,900
7.704,900
7.705,900
7.706,900
7.707,900
7.708,900
7.709,900
7.71,900
7.711,900
7.712,900
7.713,900
7.714,900
7.715,900
7.716,900
7.717,900
7.718,900
7.719,900
7.72,900
7.721,900
7.722,900
7.723,900
7.724,900
7.725,900
7.726,900
7.727,900
7.728,900
7.729,900
7.73,900
7.731,900
7.732,900
7.733,900
7.734,900
7.735,900
7.736,900
7.737,900
7.738,900
7.739,900
7.74,900
7.741,900
7.742,900
7.743,900
7.744,900
7.745,900
7.746,900
7.747,900
7.748,900
7.749,900
7.75,900
7.751,900
7.752,900
7.753,900
7.754,900
7.755,900
7.756,900
7.757,900
7.758,900
7.759,900
7.76,900
7.761,900
7.762,900
7.763,900
7.764,900
7.765,900
7.766,900
7.767,900
7.768,900
7.769,900
7.77,900
7.771,900
7.772,900
7.773,900
7.774,900
7.775,900
7.776,900
7.777,900
7.778,900
7.779,900
7.78,900
7.781,900
7.782,900
7.783,900
7.784,900
7.785,900
7.786,900
7.787,900
7.788,900
7.789,900
7.79,900
7.791,900
7.792,900
7.793,900
7.794,900
7.795,900
7.796,900
7.797,900
7.798,900
7.799,900
7.8,900
7.801,900
7.802,900
7.803,900
7.804,900
7.805,900
7.806,900
7.807,900
7.808,900
7.809,900
7.81,900
7.811,900
7.812,900
7.813,900
7.814,900
7.815,900
7.816,900
7.817,900
7.818,900
7.819,900
7.82,900
7.821,900
7.822,900
7.823,900
7.824,900
7.825,900
7.826,900
7.827,900
7.828,900
7.829,900
7.83,900
7.831,900
7.832,900
7.833,900
7.834,900
7.835,900
7.836,900
7.837,900
7.838,900
7.839,900
7.84,900
7.841,900
7.842,900
7.843,900
7.844,900
7.845,900
7.846,900
7.847,900
7.848,900
7.849,900
7.85,900
7.851,900
7.852,900
7.853,900
7.854,900
7.855,900
7.856,900
7.857,900
7.858,900
7.859,900
7.86,900
7.861,900
7.862,900
7.863,900
7.864,900
7.865,900
7.866,900
7.867,900
7.868,900
7.869,900
7.87,900
7.871,900
7.872,900
7.873,900
7.874,900
7.875,900
7.876,900
7.877,900
7.878,900
7.879,900
7.88,900
7.881,900
7.882,900
7.883,900
7.884,900
7.885,900
7.886,900
7.887,900
7.888,900
7.889,900
7.89,900
7.891,900
7.892,900
7.893,900
7.894,900
7.895,900
7.896,900
7.897,900
7.898,900
7.899,900
7.9,900
7.901,900
7.902,900
7.903,900
7.904,900
7.905,900
7.906,900
7.907,900
7.908,900
7.909,900
7.91,900
7.911,900
7.912,900
7.913,900
7.914,900
7.915,900
7.916,900
7.917,900
7.918,900
7.919,900
7.92,900
7.921,900
7.922,900
7.923,900
7.924,900
7.925,900
7.926,900
7.927,900
7.928,900
7.929,900
7.93,900
7.931,900
7.932,900
7.933,900
7.934,900
7.935,900
7.936,900
7.937,900
7.938,900
7.939,900
7.94,900
7.941,900
7.942,900
7.943,900
7.944,900
7.945,900
7.946,900
7.947,900
7.948,900
7.949,900
7.95,900
7.951,900
7.952,900
7.953,900
7.954,900
7.955,900
7.956,900
7.957,900
7.958,900
7.959,900
7.96,900
7.961,900
7.962,900
7.963,900
7.964,900
7.965,900
7.966,900
7.967,900
7.968,900
7.969,900
7.97,900
7.971,900
7.972,900
7.973,900
7.974,900
7.975,900
7.976,900
7.977,900
7.978,900
7.979,900
7.98,900
7.981,900
7.982,900
7.983,900
7.984,900
7.985,900
7.986,900
7.987,900
7.988,900
7.989,900
7.99,900
7.991,900
7.992,900
7.993,900
7.994,900
7.995,900
7.996,900
7.997,900
7.998,900
7.999,900
8,900
8.001,900
8.002,900
8.003,900
8.004,900
8.005,900
8.006,900
8.007,900
8.008,900
8.009,900
8.01,900
8.011,900
8.012,900
8.013,900
8.014,900
8.015,900
8.016,900
8.017,900
8.018,900
8.019,900
8.02,900
8.021,900
8.022,900
8.023,900
8.024,900
8.025,900
8.026,900
8.027,900
8.028,900
8.029,900
8.03,900
8.031,900
8.032,900
8.033,900
8.034,900
8.035,900
8.036,900
8.037,900
8.038,900
8.039,900
8.04,900
8.041,900
8.042,900
8.043,900
8.044,900
8.045,900
8.046,900
8.047,900
8.048,900
8.049,900
8.05,900
8.051,900
8.052,900
8.053,900
8.054,900
8.055,900
8.056,900
8.057,900
8.058,900
8.059,900
8.06,900
8.061,900
8.062,900
8.063,900
8.064,900
8.065,900
8.066,900
8.067,900
8.068,900
8.069,900
8.07,900
8.071,900
8.072,900
8.073,900
8.074,900
8.075,900
8.076,900
8.077,900
8.078,900
8.079,900
8.08,900
8.081,900
8.082,900
8.083,900
8.084,900
8.085,900
8.086,900
8.087,900
8.088,900
8.089,900
8.09,900
8.091,900
8.092,900
8.093,900
8.094,900
8.095,900
8.096,900
8.097,900
8.098,900
8.099,900
8.1,900
8.101,900
8.102,900
8.103,900
8.104,900
8.105,900
8.106,900
8.107,900
8.108,900
8.109,900
8.11,900
8.111,900
8.112,900
8.113,900
8.114,900
8.115,900
8.116,900
8.117,900
8.118,900
8.119,900
8.12,900
8.121,900
8.122,900
8.123,900
8.124,900
8.125,900
8.126,900
8.127,900
8.128,900
8.129,900
8.13,900
8.131,900
8.132,900
8.133,900
8.134,900
8.135,900
8.136,900
8.137,900
8.138,900
8.139,900
8.14,900
8.141,900
8.142,900
8.143,900
8.144,900
8.145,900
8.146,900
8.147,900
8.148,900
8.149,900
8.15,900
8.151,900
8.152,900
8.153,900
8.154,900
8.155,900
8.156,900
8.157,900
8.158,900
8.159,900
8.16,900
8.161,900
8.162,900
8.163,900
8.164,900
8.165,900
8.166,900
8.167,900
8.168,900
8.169,900
8.17,900
8.171,900
8.172,900
8.173,900
8.174,900
8.175,900
8.176,900
8.177,900
8.178,900
8.179,900
8.18,900
8.181,900
8.182,900
8.183,900
8.184,900
8.185,900
8.186,900
8.187,900
8.188,900
8.189,900
8.19,900
8.191,900
8.192,900
8.193,900
8.194,900
8.195,900
8.196,900
8.197,900
8.198,900
8.199,900
8.2,900
8.201,900
8.202,900
8.203,900
8.204,900
8.205,900
8.206,900
8.207,900
8.208,900
8.209,900
8.21,900
8.211,900
8.212,900
8.213,900
8.214,900
8.215,900
8.216,900
8.217,900
8.218,900
8.219,900
8.22,900
8.221,900
8.222,900
8.223,900
8.224,900
8.225,900
8.226,900
8.227,900
8.228,900
8.229,900
8.23,900
8.231,900
8.232,900
8.233,900
8.234,900
8.235,900
8.236,900
8.237,900
8.238,900
8.239,900
8.24,900
8.241,900
8.242,900
8.243,900
8.244,900
8.245,900
8.246,900
8.247,900
8.248,900
8.249,900
8.25,900
8.251,900
8.252,900
8.253,900
8.254,900
8.255,900
8.256,900
8.257,900
8.258,900
8.259,900
8.26,900
8.261,900
8.262,900
8.263,900
8.264,900
8.265,900
8.266,900
8.267,900
8.268,900
8.269,900
8.27,900
8.271,900
8.272,900
8.273,900
8.274,900
8.275,900
8.276,900
8.277,900
8.278,900
8.279,900
8.28,900
8.281,900
8.282,900
8.283,900
8.284,900
8.285,900
8.286,900
8.287,900
8.288,900
8.289,900
8.29,900
8.291,900
8.292,900
8.293,900
8.294,900
8.295,900
8.296,900
8.297,900
8.298,900
8.299,900
8.3,900
8.301,900
8.302,900
8.303,900
8.304,900
8.305,900
8.306,900
8.307,900
8.308,900
8.309,900
8.31,900
8.311,900
8.312,900
8.313,900
8.314,900
8.315,900
8.316,900
8.317,900
8.318,900
8.319,900
8.32,900
8.321,900
8.322,900
8.323,900
8.324,900
8.325,900
8.326,900
8.327,900
8.328,900
8.329,900
8.33,900
8.331,900
8.332,900
8.333,900
8.334,900
8.335,900
8.336,900
8.337,900
8.338,900
8.339,900
8.34,900
8.341,900
8.342,900
8.343,900
8.344,900
8.345,900
8.346,900
8.347,900
8.348,900
8.349,900
8.35,900
8.351,900
8.352,900
8.353,900
8.354,900
8.355,900
8.356,900
8.357,900
8.358,900
8.359,900
8.36,900
8.361,900
8.362,900
8.363,900
8.364,900
8.365,900
8.366,900
8.367,900
8.368,900
8.369,900
8.37,900
8.371,900
8.372,900
8.373,900
8.374,900
8.375,900
8.376,900
8.377,900
8.378,900
8.379,900
8.38,900
8.381,900
8.382,900
8.383,900
8.384,900
8.385,900
8.386,900
8.387,900
8.388,900
8.389,900
8.39,900
8.391,900
8.392,900
8.393,900
8.394,900
8.395,900
8.396,900
8.397,900
8.398,900
8.399,900
8.4,900
8.401,900
8.402,900
8.403,900
8.404,900
8.405,900
8.406,900
8.407,900
8.408,900
8.409,900
8.41,900
8.411,900
8.412,900
8.413,900
8.414,900
8.415,900
8.416,900
8.417,900
8.418,900
8.419,900
8.42,900
8.421,900
8.422,900
8.423,900
8.424,900
8.425,900
8.426,900
8.427,900
8.428,900
8.429,900
8.43,900
8.431,900
8.432,900
8.433,900
8.434,900
8.435,900
8.436,900
8.437,900
8.438,900
8.439,900
8.44,900
8.441,900
8.442,900
8.443,900
8.444,900
8.445,900
8.446,900
8.447,900
8.448,900
8.449,900
8.45,900
8.451,900
8.452,900
8.453,900
8.454,900
8.455,900
8.456,900
8.457,900
8.458,900
8.459,900
8.46,900
8.461,900
8.462,900
8.463,900
8.464,900
8.465,900
8.466,900
8.467,900
8.468,900
8.469,900
8.47,900
8.471,900
8.472,900
8.473,900
8.474,900
8.475,900
8.476,900
8.477,900
8.478,900
8.479,900
8.48,900
8.481,900
8.482,900
8.483,900
8.484,900
8.485,900
8.486,900
8.487,900
8.488,900
8.489,900
8.49,900
8.491,900
8.492,900
8.493,900
8.494,900
8.495,900
8.496,900
8.497,900
8.498,900
8.499,900
8.5,900
8.501,900
8.502,900
8.503,900
8.504,900
8.505,900
8.506,900
8.507,900
8.508,900
8.509,900
8.51,900
8.511,900
8.512,900
8.513,900
8.514,900
8.515,900
8.516,900
8.517,900
8.518,900
8.519,900
8.52,900
8.521,900
8.522,900
8.523,900
8.524,900
8.525,900
8.526,900
8.527,900
8.528,900
8.529,900
8.53,900
8.531,900
8.532,900
8.533,900
8.534,900
8.535,900
8.536,900
8.537,900
8.538,900
8.539,900
8.54,900
8.541,900
8.542,900
8.543,900
8.544,900
8.545,900
8.546,900
8.547,900
8.548,900
8.549,900
8.55,900
8.551,900
8.552,900
8.553,900
8.554,900
8.555,900
8.556,900
8.557,900
8.558,900
8.559,900
8.56,900
8.561,900
8.562,900
8.563,900
8.564,900
8.565,900
8.566,900
8.567,900
8.568,900
8.569,900
8.57,900
8.571,900
8.572,900
8.573,900
8.574,900
8.575,900
8.576,900
8.577,900
8.578,900
8.579,900
8.58,900
8.581,900
8.582,900
8.583,900
8.584,900
8.585,900
8.586,900
8.587,900
8.588,900
8.589,900
8.59,900
8.591,900
8.592,900
8.593,900
8.594,900
8.595,900
8.596,900
8.597,900
8.598,900
8.599,900
8.6,900
8.601,900
8.602,900
8.603,900
8.604,900
8.605,900
8.606,900
8.607,900
8.608,900
8.609,900
8.61,900
8.611,900
8.612,900
8.613,900
8.614,900
8.615,900
8.616,900
8.617,900
8.618,900
8.619,900
8.62,900
8.621,900
8.622,900
8.623,900
8.624,900
8.625,900
8.626,900
8.627,900
8.628,900
8.629,900
8.63,900
8.631,900
8.632,900
8.633,900
8.634,900
8.635,900
8.636,900
8.637,900
8.638,900
8.639,900
8.64,900
8.641,900
8.642,900
8.643,900
8.644,900
8.645,900
8.646,900
8.647,900
8.648,900
8.649,900
8.65,900
8.651,900
8.652,900
8.653,900
8.654,900
8.655,900
8.656,900
8.657,900
8.658,900
8.659,900
8.66,900
8.661,900
8.662,900
8.663,900
8.664,900
8.665,900
8.666,900
8.667,900
8.668,900
8.669,900
8.67,900
8.671,900
8.672,900
8.673,900
8.674,900
8.675,900
8.676,900
8.677,900
8.678,900
8.679,900
8.68,900
8.681,900
8.682,900
8.683,900
8.684,900
8.685,900
8.686,900
8.687,900
8.688,900
8.689,900
8.69,900
8.691,900
8.692,900
8.693,900
8.694,900
8.695,900
8.696,900
8.697,900
8.698,900
8.699,900
8.7,900
8.701,900
8.702,900
8.703,900
8.704,900
8.705,900
8.706,900
8.707,900
8.708,900
8.709,900
8.71,900
8.711,900
8.712,900
8.713,900
8.714,900
8.715,900
8.716,900
8.717,900
8.718,900
8.719,900
8.72,900
8.721,900
8.722,900
8.723,900
8.724,900
8.725,900
8.726,900
8.727,900
8.728,900
8.729,900
8.73,900
8.731,900
8.732,900
8.733,900
8.734,900
8.735,900
8.736,900
8.737,900
8.738,900
8.739,900
8.74,900
8.741,900
8.742,900
8.743,900
8.744,900
8.745,900
8.746,900
8.747,900
8.748,900
8.749,900
8.75,900
8.751,900
8.752,900
8.753,900
8.754,900
8.755,900
8.756,900
8.757,900
8.758,900
8.759,900
8.76,900
8.761,900
8.762,900
8.763,900
8.764,900
8.765,900
8.766,900
8.767,900
8.768,900
8.769,900
8.77,900
8.771,900
8.772,900
8.773,900
8.774,900
8.775,900
8.776,900
8.777,900
8.778,900
8.779,900
8.78,900
8.781,900
8.782,900
8.783,900
8.784,900
8.785,900
8.786,900
8.787,900
8.788,900
8.789,900
8.79,900
8.791,900
8.792,900
8.793,900
8.794,900
8.795,900
8.796,900
8.797,900
8.798,900
8.799,900
8.8,900
8.801,900
8.802,900
8.803,900
8.804,900
8.805,900
8.806,900
8.807,900
8.808,900
8.809,900
8.81,900
8.811,900
8.812,900
8.813,900
8.814,900
8.815,900
8.816,900
8.817,900
8.818,900
8.819,900
8.82,900
8.821,900
8.822,900
8.823,900
8.824,900
8.825,900
8.826,900
8.827,900
8.828,900
8.829,900
8.83,900
8.831,900
8.832,900
8.833,900
8.834,900
8.835,900
8.836,900
8.837,900
8.838,900
8.839,900
8.84,900
8.841,900
8.842,900
8.843,900
8.844,900
8.845,900
8.846,900
8.847,900
8.848,900
8.849,900
8.85,900
8.851,900
8.852,900
8.853,900
8.854,900
8.855,900
8.856,900
8.857,900
8.858,900
8.859,900
8.86,900
8.861,900
8.862,900
8.863,900
8.864,900
8.865,900
8.866,900
8.867,900
8.868,900
8.869,900
8.87,900
8.871,900
8.872,900
8.873,900
8.874,900
8.875,900
8.876,900
8.877,900
8.878,900
8.879,900
8.88,900
8.881,900
8.882,900
8.883,900
8.884,900
8.885,900
8.886,900
8.887,900
8.888,900
8.889,900
8.89,900
8.891,900
8.892,900
8.893,900
8.894,900
8.895,900
8.896,900
8.897,900
8.898,900
8.899,900
8.9,900
8.901,900
8.902,900
8.903,900
8.904,900
8.905,900
8.906,900
8.907,900
8.908,900
8.909,900
8.91,900
8.911,900
8.912,900
8.913,900
8.914,900
8.915,900
8.916,900
8.917,900
8.918,900
8.919,900
8.92,900
8.921,900
8.922,900
8.923,900
8.924,900
8.925,900
8.926,900
8.927,900
8.928,900
8.929,900
8.93,900
8.931,900
8.932,900
8.933,900
8.934,900
8.935,900
8.936,900
8.937,900
8.938,900
8.939,900
8.94,900
8.941,900
8.942,900
8.943,900
8.944,900
8.945,900
8.946,900
8.947,900
8.948,900
8.949,900
8.95,900
8.951,900
8.952,900
8.953,900
8.954,900
8.955,900
8.956,900
8.957,900
8.958,900
8.959,900
8.96,900
8.961,900
8.962,900
8.963,900
8.964,900
8.965,900
8.966,900
8.967,900
8.968,900
8.969,900
8.97,900
8.971,900
8.972,900
8.973,900
8.974,900
8.975,900
8.976,900
8.977,900
8.978,900
8.979,900
8.98,900
8.981,900
8.982,900
8.983,900
8.984,900
8.985,900
8.986,900
8.987,900
8.988,900
8.989,900
8.99,900
8.991,900
8.992,900
8.993,900
8.994,900
8.995,900
8.996,900
8.997,900
8.998,900
8.999,900
9,900
9.001,900
9.002,900
9.003,900
9.004,900
9.005,900
9.006,900
9.007,900
9.008,900
9.009,900
9.01,900
9.011,900
9.012,900
9.013,900
9.014,900
9.015,900
9.016,900
9.017,900
9.018,900
9.019,900
9.02,900
9.021,900
9.022,900
9.023,900
9.024,900
9.025,900
9.026,900
9.027,900
9.028,900
9.029,900
9.03,900
9.031,900
9.032,900
9.033,900
9.034,900
9.035,900
9.036,900
9.037,900
9.038,900
9.039,900
9.04,900
9.041,900
9.042,900
9.043,900
9.044,900
9.045,900
9.046,900
9.047,900
9.048,900
9.049,900
9.05,900
9.051,900
9.052,900
9.053,900
9.054,900
9.055,900
9.056,900
9.057,900
9.058,900
9.059,900
9.06,900
9.061,900
9.062,900
9.063,900
9.064,900
9.065,900
9.066,900
9.067,900
9.068,900
9.069,900
9.07,900
9.071,900
9.072,900
9.073,900
9.074,900
9.075,900
9.076,900
9.077,900
9.078,900
9.079,900
9.08,900
9.081,900
9.082,900
9.083,900
9.084,900
9.085,900
9.086,900
9.087,900
9.088,900
9.089,900
9.09,900
9.091,900
9.092,900
9.093,900
9.094,900
9.095,900
9.096,900
9.097,900
9.098,900
9.099,900
9.1,900
9.101,900
9.102,900
9.103,900
9.104,900
9.105,900
9.106,900
9.107,900
9.108,900
9.109,900
9.11,900
9.111,900
9.112,900
9.113,900
9.114,900
9.115,900
9.116,900
9.117,900
9.118,900
9.119,900
9.12,900
9.121,900
9.122,900
9.123,900
9.124,900
9.125,900
9.126,900
9.127,900
9.128,900
9.129,900
9.13,900
9.131,900
9.132,900
9.133,900
9.134,900
9.135,900
9.136,900
9.137,900
9.138,900
9.139,900
9.14,900
9.141,900
9.142,900
9.143,900
9.144,900
9.145,900
9.146,900
9.147,900
9.148,900
9.149,900
9.15,900
9.151,900
9.152,900
9.153,900
9.154,900
9.155,900
9.156,900
9.157,900
9.158,900
9.159,900
9.16,900
9.161,900
9.162,900
9.163,900
9.164,900
9.165,900
9.166,900
9.167,900
9.168,900
9.169,900
9.17,900
9.171,900
9.172,900
9.173,900
9.174,900
9.175,900
9.176,900
9.177,900
9.178,900
9.179,900
9.18,900
9.181,900
9.182,900
9.183,900
9.184,900
9.185,900
9.186,900
9.187,900
9.188,900
9.189,900
9.19,900
9.191,900
9.192,900
9.193,900
9.194,900
9.195,900
9.196,900
9.197,900
9.198,900
9.199,900
9.2,900
9.201,900
9.202,900
9.203,900
9.204,900
9.205,900
9.206,900
9.207,900
9.208,900
9.209,900
9.21,900
9.211,900
9.212,900
9.213,900
9.214,900
9.215,900
9.216,900
9.217,900
9.218,900
9.219,900
9.22,900
9.221,900
9.222,900
9.223,900
9.224,900
9.225,900
9.226,900
9.227,900
9.228,900
9.229,900
9.23,900
9.231,900
9.232,900
9.233,900
9.234,900
9.235,900
9.236,900
9.237,900
9.238,900
9.239,900
9.24,900
9.241,900
9.242,900
9.243,900
9.244,900
9.245,900
9.246,900
9.247,900
9.248,900
9.249,900
9.25,900
9.251,900
9.252,900
9.253,900
9.254,900
9.255,900
9.256,900
9.257,900
9.258,900
9.259,900
9.26,900
9.261,900
9.262,900
9.263,900
9.264,900
9.265,900
9.266,900
9.267,900
9.268,900
9.269,900
9.27,900
9.271,900
9.272,900
9.273,900
9.274,900
9.275,900
9.276,900
9.277,900
9.278,900
9.279,900
9.28,900
9.281,900
9.282,900
9.283,900
9.284,900
9.285,900
9.286,900
9.287,900
9.288,900
9.289,900
9.29,900
9.291,900
9.292,900
9.293,900
9.294,900
9.295,900
9.296,900
9.297,900
9.298,900
9.299,900
9.3,900
9.301,900
9.302,900
9.303,900
9.304,900
9.305,900
9.306,900
9.307,900
9.308,900
9.309,900
9.31,900
9.311,900
9.312,900
9.313,900
9.314,900
9.315,900
9.316,900
9.317,900
9.318,900
9.319,900
9.32,900
9.321,900
9.322,900
9.323,900
9.324,900
9.325,900
9.326,900
9.327,900
9.328,900
9.329,900
9.33,900
9.331,900
9.332,900
9.333,900
9.334,900
9.335,900
9.336,900
9.337,900
9.338,900
9.339,900
9.34,900
9.341,900
9.342,900
9.343,900
9.344,900
9.345,900
9.346,900
9.347,900
9.348,900
9.349,900
9.35,900
9.351,900
9.352,900
9.353,900
9.354,900
9.355,900
9.356,900
9.357,900
9.358,900
9.359,900
9.36,900
9.361,900
9.362,900
9.363,900
9.364,900
9.365,900
9.366,900
9.367,900
9.368,900
9.369,900
9.37,900
9.371,900
9.372,900
9.373,900
9.374,900
9.375,900
9.376,900
9.377,900
9.378,900
9.379,900
9.38,900
9.381,900
9.382,900
9.383,900
9.384,900
9.385,900
9.386,900
9.387,900
9.388,900
9.389,900
9.39,900
9.391,900
9.392,900
9.393,900
9.394,900
9.395,900
9.396,900
9.397,900
9.398,900
9.399,900
9.4,900
9.401,900
9.402,900
9.403,900
9.404,900
9.405,900
9.406,900
9.407,900
9.408,900
9.409,900
9.41,900
9.411,900
9.412,900
9.413,900
9.414,900
9.415,900
9.416,900
9.417,900
9.418,900
9.419,900
9.42,900
9.421,900
9.422,900
9.423,900
9.424,900
9.425,900
9.426,900
9.427,900
9.428,900
9.429,900
9.43,900
9.431,900
9.432,900
9.433,900
9.434,900
9.435,900
9.436,900
9.437,900
9.438,900
9.439,900
9.44,900
9.441,900
9.442,900
9.443,900
9.444,900
9.445,900
9.446,900
9.447,900
9.448,900
9.449,900
9.45,900
9.451,900
9.452,900
9.453,900
9.454,900
9.455,900
9.456,900
9.457,900
9.458,900
9.459,900
9.46,900
9.461,900
9.462,900
9.463,900
9.464,900
9.465,900
9.466,900
9.467,900
9.468,900
9.469,900
9.47,900
9.471,900
9.472,900
9.473,900
9.474,900
9.475,900
9.476,900
9.477,900
9.478,900
9.479,900
9.48,900
9.481,900
9.482,900
9.483,900
9.484,900
9.485,900
9.486,900
9.487,900
9.488,900
9.489,900
9.49,900
9.491,900
9.492,900
9.493,900
9.494,900
9.495,900
9.496,900
9.497,900
9.498,900
9.499,900
9.5,900
9.501,900
9.502,900
9.503,900
9.504,900
9.505,900
9.506,900
9.507,900
9.508,900
9.509,900
9.51,900
9.511,900
9.512,900
9.513,900
9.514,900
9.515,900
9.516,900
9.517,900
9.518,900
9.519,900
9.52,900
9.521,900
9.522,900
9.523,900
9.524,900
9.525,900
9.526,900
9.527,900
9.528,900
9.529,900
9.53,900
9.531,900
9.532,900
9.533,900
9.534,900
9.535,900
9.536,900
9.537,900
9.538,900
9.539,900
9.54,900
9.541,900
9.542,900
9.543,900
9.544,900
9.545,900
9.546,900
9.547,900
9.548,900
9.549,900
9.55,900
9.551,900
9.552,900
9.553,900
9.554,900
9.555,900
9.556,900
9.557,900
9.558,900
9.559,900
9.56,900
9.561,900
9.562,900
9.563,900
9.564,900
9.565,900
9.566,900
9.567,900
9.568,900
9.569,900
9.57,900
9.571,900
9.572,900
9.573,900
9.574,900
9.575,900
9.576,900
9.577,900
9.578,900
9.579,900
9.58,900
9.581,900
9.582,900
9.583,900
9.584,900
9.585,900
9.586,900
9.587,900
9.588,900
9.589,900
9.59,900
9.591,900
9.592,900
9.593,900
9.594,900
9.595,900
9.596,900
9.597,900
9.598,900
9.599,900
9.6,900
9.601,900
9.602,900
9.603,900
9.604,900
9.605,900
9.606,900
9.607,900
9.608,900
9.609,900
9.61,900
9.611,900
9.612,900
9.613,900
9.614,900
9.615,900
9.616,900
9.617,900
9.618,900
9.619,900
9.62,900
9.621,900
9.622,900
9.623,900
9.624,900
9.625,900
9.626,900
9.627,900
9.628,900
9.629,900
9.63,900
9.631,900
9.632,900
9.633,900
9.634,900
9.635,900
9.636,900
9.637,900
9.638,900
9.639,900
9.64,900
9.641,900
9.642,900
9.643,900
9.644,900
9.645,900
9.646,900
9.647,900
9.648,900
9.649,900
9.65,900
9.651,900
9.652,900
9.653,900
9.654,900
9.655,900
9.656,900
9.657,900
9.658,900
9.659,900
9.66,900
9.661,900
9.662,900
9.663,900
9.664,900
9.665,900
9.666,900
9.667,900
9.668,900
9.669,900
9.67,900
9.671,900
9.672,900
9.673,900
9.674,900
9.675,900
9.676,900
9.677,900
9.678,900
9.679,900
9.68,900
9.681,900
9.682,900
9.683,900
9.684,900
9.685,900
9.686,900
9.687,900
9.688,900
9.689,900
9.69,900
9.691,900
9.692,900
9.693,900
9.694,900
9.695,900
9.696,900
9.697,900
9.698,900
9.699,900
9.7,900
9.701,900
9.702,900
9.703,900
9.704,900
9.705,900
9.706,900
9.707,900
9.708,900
9.709,900
9.71,900
9.711,900
9.712,900
9.713,900
9.714,900
9.715,900
9.716,900
9.717,900
9.718,900
9.719,900
9.72,900
9.721,900
9.722,900
9.723,900
9.724,900
9.725,900
9.726,900
9.727,900
9.728,900
9.729,900
9.73,900
9.731,900
9.732,900
9.733,900
9.734,900
9.735,900
9.736,900
9.737,900
9.738,900
9.739,900
9.74,900
9.741,900
9.742,900
9.743,900
9.744,900
9.745,900
9.746,900
9.747,900
9.748,900
9.749,900
9.75,900
9.751,900
9.752,900
9.753,900
9.754,900
9.755,900
9.756,900
9.757,900
9.758,900
9.759,900
9.76,900
9.761,900
9.762,900
9.763,900
9.764,900
9.765,900
9.766,900
9.767,900
9.768,900
9.769,900
9.77,900
9.771,900
9.772,900
9.773,900
9.774,900
9.775,900
9.776,900
9.777,900
9.778,900
9.779,900
9.78,900
9.781,900
9.782,900
9.783,900
9.784,900
9.785,900
9.786,900
9.787,900
9.788,900
9.789,900
9.79,900
9.791,900
9.792,900
9.793,900
9.794,900
9.795,900
9.796,900
9.797,900
9.798,900
9.799,900
9.8,900
9.801,900
9.802,900
9.803,900
9.804,900
9.805,900
9.806,900
9.807,900
9.808,900
9.809,900
9.81,900
9.811,900
9.812,900
9.813,900
9.814,900
9.815,900
9.816,900
9.817,900
9.818,900
9.819,900
9.82,900
9.821,900
9.822,900
9.823,900
9.824,900
9.825,900
9.826,900
9.827,900
9.828,900
9.829,900
9.83,900
9.831,900
9.832,900
9.833,900
9.834,900
9.835,900
9.836,900
9.837,900
9.838,900
9.839,900
9.84,900
9.841,900
9.842,900
9.843,900
9.844,900
9.845,900
9.846,900
9.847,900
9.848,900
9.849,900
9.85,900
9.851,900
9.852,900
9.853,900
9.854,900
9.855,900
9.856,900
9.857,900
9.858,900
9.859,900
9.86,900
9.861,900
9.862,900
9.863,900
9.864,900
9.865,900
9.866,900
9.867,900
9.868,900
9.869,900
9.87,900
9.871,900
9.872,900
9.873,900
9.874,900
9.875,900
9.876,900
9.877,900
9.878,900
9.879,900
9.88,900
9.881,900
9.882,900
9.883,900
9.884,900
9.885,900
9.886,900
9.887,900
9.888,900
9.889,900
9.89,900
9.891,900
9.892,900
9.893,900
9.894,900
9.895,900
9.896,900
9.897,900
9.898,900
9.899,900
9.9,900
9.901,900
9.902,900
9.903,900
9.904,900
9.905,900
9.906,900
9.907,900
9.908,900
9.909,900
9.91,900
9.911,900
9.912,900
9.913,900
9.914,900
9.915,900
9.916,900
9.917,900
9.918,900
9.919,900
9.92,900
9.921,900
9.922,900
9.923,900
9.924,900
9.925,900
9.926,900
9.927,900
9.928,900
9.929,900
9.93,900
9.931,900
9.932,900
9.933,900
9.934,900
9.935,900
9.936,900
9.937,900
9.938,900
9.939,900
9.94,900
9.941,900
9.942,900
9.943,900
9.944,900
9.945,900
9.946,900
9.947,900
9.948,900
9.949,900
9.95,900
9.951,900
9.952,900
9.953,900
9.954,900
9.955,900
9.956,900
9.957,900
9.958,900
9.959,900
9.96,900
9.961,900
9.962,900
9.963,900
9.964,900
9.965,900
9.966,900
9.967,900
9.968,900
9.969,900
9.97,900
9.971,900
9.972,900
9.973,900
9.974,900
9.975,900
9.976,900
9.977,900
9.978,900
9.979,900
9.98,900
9.981,900
9.982,900
9.983,900
9.984,900
9.985,900
9.986,900
9.987,900
9.988,900
9.989,900
9.99,900
9.991,900
9.992,900
9.993,900
9.994,900
9.995,900
9.996,900
9.997,900
9.998,900
9.999,900
